0 0.12860576923076922 0.15144230769230768 0.1201923076923077 0.19951923076923078
0 0.3557692307692308 0.15745192307692307 0.15144230769230768 0.17307692307692307
0 0.5757211538461539 0.15144230769230768 0.09375 0.1778846153846154
0 0.8221153846153846 0.14903846153846154 0.19951923076923078 0.17307692307692307
0 0.1466346153846154 0.36899038461538464 0.13822115384615385 0.18269230769230768
0 0.3641826923076923 0.3798076923076923 0.12860576923076922 0.19591346153846154
0 0.5625 0.36658653846153844 0.1466346153846154 0.21754807692307693
0 0.8088942307692307 0.375 0.25721153846153844 0.18269230769230768
0 0.13822115384615385 0.6105769230769231 0.11538461538461539 0.18629807692307693
0 0.3605769230769231 0.6021634615384616 0.16947115384615385 0.15985576923076922
0 0.5757211538461539 0.59375 0.11057692307692307 0.20432692307692307
0 0.8016826923076923 0.6069711538461539 0.25721153846153844 0.1466346153846154
0 0.14903846153846154 0.8401442307692307 0.17307692307692307 0.18269230769230768
0 0.3557692307692308 0.8305288461538461 0.1201923076923077 0.22235576923076922
0 0.5709134615384616 0.8353365384615384 0.11057692307692307 0.22235576923076922
0 0.8197115384615384 0.8353365384615384 0.2127403846153846 0.1201923076923077