0 0.11298076923076923 0.5216346153846154 0.11057692307692307 0.6358173076923077
0 0.2403846153846154 0.5216346153846154 0.11057692307692307 0.6298076923076923
0 0.41586538461538464 0.2848557692307692 0.07932692307692307 0.1935096153846154
0 0.3762019230769231 0.5805288461538461 0.09014423076923077 0.4699519230769231
0 0.47716346153846156 0.6322115384615384 0.09014423076923077 0.3485576923076923
0 0.5036057692307693 0.3173076923076923 0.09735576923076923 0.18269230769230768
0 0.5805288461538461 0.3762019230769231 0.10697115384615384 0.1658653846153846
0 0.5805288461538461 0.6274038461538461 0.09375 0.2980769230769231
0 0.6862980769230769 0.6466346153846154 0.0829326923076923 0.3317307692307692
0 0.7728365384615384 0.6706730769230769 0.05048076923076923 0.22596153846153846
0 0.8641826923076923 0.6682692307692307 0.057692307692307696 0.1935096153846154
0 0.7403846153846154 0.3485576923076923 0.07932692307692307 0.3425480769230769
0 0.8473557692307693 0.35336538461538464 0.09735576923076923 0.40384615384615385