0 0.13581730769230768 0.27283653846153844 0.17908653846153846 0.1141826923076923
0 0.19471153846153846 0.1935096153846154 0.17427884615384615 0.15745192307692307
0 0.47836538461538464 0.27283653846153844 0.18269230769230768 0.1045673076923077
0 0.5372596153846154 0.1875 0.18028846153846154 0.15384615384615385
0 0.7644230769230769 0.2403846153846154 0.15504807692307693 0.13341346153846154
0 0.9098557692307693 0.22596153846153846 0.15144230769230768 0.14783653846153846
0 0.12740384615384615 0.5709134615384616 0.18028846153846154 0.1141826923076923
0 0.22115384615384615 0.49399038461538464 0.18509615384615385 0.15384615384615385
0 0.5012019230769231 0.4951923076923077 0.18028846153846154 0.1658653846153846
0 0.48677884615384615 0.5793269230769231 0.19471153846153846 0.11778846153846154
0 0.8329326923076923 0.5745192307692307 0.21754807692307693 0.12740384615384615
0 0.8341346153846154 0.49158653846153844 0.1622596153846154 0.13942307692307693
0 0.17427884615384615 0.7956730769230769 0.20793269230769232 0.171875
0 0.5120192307692307 0.8497596153846154 0.20192307692307693 0.17427884615384615
0 0.47716346153846156 0.7644230769230769 0.1971153846153846 0.1141826923076923
0 0.8810096153846154 0.8365384615384616 0.1971153846153846 0.16947115384615385
0 0.8209134615384616 0.8365384615384616 0.18269230769230768 0.14423076923076922