0 0.13341346153846154 0.5769230769230769 0.25240384615384615 0.3605769230769231
0 0.4495192307692308 0.5372596153846154 0.26802884615384615 0.390625
0 0.8341346153846154 0.4831730769230769 0.31971153846153844 0.4651442307692308
0 0.8317307692307693 0.734375 0.20432692307692307 0.140625
0 0.4651442307692308 0.7596153846153846 0.1622596153846154 0.08052884615384616
0 0.14783653846153846 0.7692307692307693 0.16346153846153846 0.07451923076923077
0 0.11778846153846154 0.8677884615384616 0.23557692307692307 0.1466346153846154
0 0.37740384615384615 0.8605769230769231 0.1875 0.14423076923076922
0 0.5997596153846154 0.8377403846153846 0.12740384615384615 0.0985576923076923
0 0.8834134615384616 0.8629807692307693 0.18028846153846154 0.1045673076923077
0 0.5925480769230769 0.9387019230769231 0.11658653846153846 0.0985576923076923
0 0.9026442307692307 0.9375 0.15384615384615385 0.11057692307692307
0 0.31850961538461536 0.9567307692307693 0.1814903846153846 0.08052884615384616