0 0.17427884615384615 0.3605769230769231 0.1778846153846154 0.22355769230769232
0 0.3016826923076923 0.1201923076923077 0.16826923076923078 0.21995192307692307
0 0.15625 0.15625 0.042067307692307696 0.06490384615384616
0 0.08774038461538461 0.0829326923076923 0.04807692307692308 0.0673076923076923
0 0.45072115384615385 0.04807692307692308 0.057692307692307696 0.07091346153846154
0 0.7055288461538461 0.09375 0.0625 0.08173076923076923
0 0.8377403846153846 0.16826923076923078 0.07451923076923077 0.09375
0 0.7584134615384616 0.28365384615384615 0.042067307692307696 0.05889423076923077
0 0.8521634615384616 0.36778846153846156 0.04567307692307692 0.0625
0 0.7956730769230769 0.47115384615384615 0.06370192307692307 0.08774038461538461
0 0.7896634615384616 0.5793269230769231 0.05048076923076923 0.0625
0 0.84375 0.6850961538461539 0.06850961538461539 0.07932692307692307
0 0.7451923076923077 0.796875 0.06009615384615385 0.0733173076923077
0 0.8185096153846154 0.8870192307692307 0.042067307692307696 0.04567307692307692
0 0.6766826923076923 0.9086538461538461 0.06610576923076923 0.08173076923076923
0 0.5324519230769231 0.8978365384615384 0.09375 0.12139423076923077
0 0.4170673076923077 0.8581730769230769 0.06009615384615385 0.08533653846153846
0 0.35697115384615385 0.9098557692307693 0.051682692307692304 0.07932692307692307
0 0.140625 0.8629807692307693 0.03245192307692308 0.04807692307692308
0 0.1875 0.7211538461538461 0.09375 0.11899038461538461
0 0.31971153846153844 0.7175480769230769 0.06850961538461539 0.08533653846153846
0 0.20793269230769232 0.5817307692307693 0.056490384615384616 0.08173076923076923
0 0.34615384615384615 0.4567307692307692 0.08173076923076923 0.09375
0 0.3125 0.2932692307692308 0.027644230769230768 0.04567307692307692
0 0.49759615384615385 0.21153846153846154 0.15384615384615385 0.20673076923076922
0 0.6225961538461539 0.25841346153846156 0.12620192307692307 0.15865384615384615
0 0.4963942307692308 0.46153846153846156 0.04807692307692308 0.0673076923076923
0 0.5841346153846154 0.40625 0.05048076923076923 0.0673076923076923
0 0.6658653846153846 0.4014423076923077 0.04807692307692308 0.0673076923076923
0 0.6334134615384616 0.5060096153846154 0.056490384615384616 0.07091346153846154
0 0.6225961538461539 0.5997596153846154 0.038461538461538464 0.0625
0 0.6875 0.5913461538461539 0.04567307692307692 0.05889423076923077
0 0.46634615384615385 0.6201923076923077 0.1814903846153846 0.21153846153846154
0 0.47596153846153844 0.75 0.04567307692307692 0.0625
0 0.5096153846153846 0.8004807692307693 0.056490384615384616 0.07091346153846154
0 0.578125 0.7608173076923077 0.07211538461538461 0.08173076923076923
0 0.59375 0.6850961538461539 0.057692307692307696 0.07091346153846154
0 0.6550480769230769 0.6646634615384616 0.04567307692307692 0.0625
0 0.6622596153846154 0.734375 0.04567307692307692 0.0625
0 0.6370192307692307 0.8088942307692307 0.054086538461538464 0.0673076923076923
0 0.5985576923076923 0.8485576923076923 0.04447115384615385 0.0625
0 0.6826923076923077 0.8329326923076923 0.04807692307692308 0.07091346153846154
0 0.7331730769230769 0.6959134615384616 0.04807692307692308 0.06490384615384616