0 0.34615384615384615 0.7740384615384616 0.14423076923076922 0.20673076923076922
0 0.5576923076923077 0.8341346153846154 0.2439903846153846 0.3245192307692308
0 0.875 0.6370192307692307 0.0733173076923077 0.10697115384615384
0 0.9399038461538461 0.5276442307692307 0.09014423076923077 0.16346153846153846
0 0.8858173076923077 0.4170673076923077 0.04927884615384615 0.08052884615384616
0 0.9086538461538461 0.30528846153846156 0.0985576923076923 0.1310096153846154
0 0.5697115384615384 0.14182692307692307 0.0733173076923077 0.15504807692307693
0 0.5036057692307693 0.055288461538461536 0.11538461538461539 0.109375
0 0.359375 0.07692307692307693 0.12259615384615384 0.15264423076923078
0 0.23317307692307693 0.140625 0.13942307692307693 0.16105769230769232
0 0.15144230769230768 0.2860576923076923 0.14302884615384615 0.16947115384615385
0 0.35096153846153844 0.5324519230769231 0.02403846153846154 0.054086538461538464
0 0.43149038461538464 0.5084134615384616 0.03245192307692308 0.05048076923076923
0 0.45913461538461536 0.4879807692307692 0.03365384615384615 0.05048076923076923
0 0.45552884615384615 0.5216346153846154 0.019230769230769232 0.037259615384615384
0 0.48677884615384615 0.5673076923076923 0.037259615384615384 0.05048076923076923
0 0.5288461538461539 0.5733173076923077 0.037259615384615384 0.054086538461538464
0 0.5096153846153846 0.5372596153846154 0.030048076923076924 0.037259615384615384
0 0.5564903846153846 0.45552884615384615 0.07451923076923077 0.09975961538461539
0 0.4651442307692308 0.2920673076923077 0.06971153846153846 0.09134615384615384
0 0.40625 0.38341346153846156 0.078125 0.09615384615384616
0 0.7415865384615384 0.38100961538461536 0.056490384615384616 0.078125
0 0.6658653846153846 0.4230769230769231 0.07091346153846154 0.0889423076923077
0 0.3173076923076923 0.22235576923076922 0.040865384615384616 0.1310096153846154
0 0.7067307692307693 0.6550480769230769 0.20673076923076922 0.265625