0 0.2956730769230769 0.6454326923076923 0.10096153846153846 0.14423076923076922
0 0.1201923076923077 0.5264423076923077 0.0985576923076923 0.12740384615384615
0 0.2091346153846154 0.4987980769230769 0.09735576923076923 0.14543269230769232
0 0.30408653846153844 0.5048076923076923 0.1045673076923077 0.12740384615384615
0 0.40024038461538464 0.5048076923076923 0.09254807692307693 0.1201923076923077
0 0.40024038461538464 0.625 0.0985576923076923 0.13822115384615385
0 0.5504807692307693 0.5288461538461539 0.10096153846153846 0.13221153846153846
0 0.5709134615384616 0.6598557692307693 0.0985576923076923 0.13221153846153846
0 0.6694711538461539 0.59375 0.09495192307692307 0.13341346153846154
0 0.7379807692307693 0.4807692307692308 0.09495192307692307 0.10576923076923077
0 0.8521634615384616 0.6117788461538461 0.10216346153846154 0.14423076923076922
0 0.8257211538461539 0.78125 0.11057692307692307 0.15625
0 0.9038461538461539 0.5324519230769231 0.09375 0.12740384615384615
0 0.8209134615384616 0.47716346153846156 0.08413461538461539 0.12740384615384615
0 0.8870192307692307 0.42427884615384615 0.07932692307692307 0.11658653846153846