0 0.7427884615384616 0.21754807692307693 0.125 0.14182692307692307
0 0.46153846153846156 0.25961538461538464 0.11778846153846154 0.11658653846153846
0 0.6550480769230769 0.2824519230769231 0.11298076923076923 0.11177884615384616
0 0.8161057692307693 0.31490384615384615 0.1201923076923077 0.12259615384615384
0 0.5492788461538461 0.33052884615384615 0.11778846153846154 0.1141826923076923
0 0.31850961538461536 0.33413461538461536 0.11778846153846154 0.1141826923076923
0 0.7271634615384616 0.3737980769230769 0.11658653846153846 0.11538461538461539
0 0.6201923076923077 0.4182692307692308 0.11658653846153846 0.1141826923076923
0 0.19831730769230768 0.43149038461538464 0.11658653846153846 0.11778846153846154
0 0.5420673076923077 0.4411057692307692 0.10697115384615384 0.11298076923076923
0 0.48677884615384615 0.44711538461538464 0.09615384615384616 0.11057692307692307
0 0.3112980769230769 0.44711538461538464 0.11057692307692307 0.11658653846153846
0 0.4230769230769231 0.4651442307692308 0.1141826923076923 0.0829326923076923
0 0.7319711538461539 0.49038461538461536 0.11658653846153846 0.1141826923076923
0 0.4026442307692308 0.5108173076923077 0.11538461538461539 0.07692307692307693
0 0.37740384615384615 0.546875 0.12980769230769232 0.09735576923076923
0 0.27163461538461536 0.5516826923076923 0.11658653846153846 0.12259615384615384
0 0.6334134615384616 0.5588942307692307 0.11298076923076923 0.09975961538461539
0 0.49759615384615385 0.5637019230769231 0.11778846153846154 0.12620192307692307
0 0.6598557692307693 0.5925480769230769 0.11899038461538461 0.08774038461538461
0 0.7788461538461539 0.5949519230769231 0.11658653846153846 0.11658653846153846
0 0.10697115384615384 0.6189903846153846 0.11778846153846154 0.12740384615384615
0 0.21634615384615385 0.6538461538461539 0.1201923076923077 0.11658653846153846
0 0.5829326923076923 0.6574519230769231 0.1201923076923077 0.07572115384615384
0 0.6959134615384616 0.6646634615384616 0.11538461538461539 0.11177884615384616
0 0.4723557692307692 0.6947115384615384 0.1141826923076923 0.11778846153846154
0 0.24879807692307693 0.7608173076923077 0.1201923076923077 0.11778846153846154
0 0.7067307692307693 0.7836538461538461 0.1201923076923077 0.12259615384615384
0 0.5973557692307693 0.8125 0.1201923076923077 0.05048076923076923
0 0.4795673076923077 0.8245192307692307 0.1201923076923077 0.12259615384615384
0 0.5949519230769231 0.859375 0.13221153846153846 0.054086538461538464
0 0.2824519230769231 0.8725961538461539 0.12740384615384615 0.11658653846153846
0 0.3954326923076923 0.90625 0.12620192307692307 0.11658653846153846
0 0.5552884615384616 0.18629807692307693 0.12379807692307693 0.11778846153846154