0 0.0889423076923077 0.24879807692307693 0.13341346153846154 0.2692307692307692
0 0.22355769230769232 0.23798076923076922 0.13581730769230768 0.25841346153846156
0 0.4387019230769231 0.24519230769230768 0.12740384615384615 0.25841346153846156
0 0.5685096153846154 0.25240384615384615 0.12620192307692307 0.25841346153846156
0 0.7788461538461539 0.2548076923076923 0.12980769230769232 0.2512019230769231
0 0.9074519230769231 0.23076923076923078 0.13341346153846154 0.14423076923076922
0 0.09254807692307693 0.8137019230769231 0.12740384615384615 0.15144230769230768
0 0.2127403846153846 0.7403846153846154 0.13341346153846154 0.2439903846153846
0 0.5024038461538461 0.7415865384615384 0.1201923076923077 0.20673076923076922
0 0.5024038461538461 0.8545673076923077 0.11658653846153846 0.1141826923076923
0 0.8076923076923077 0.7920673076923077 0.13822115384615385 0.17668269230769232
0 0.921875 0.7524038461538461 0.13942307692307693 0.203125