0 0.125 0.6778846153846154 0.13942307692307693 0.15264423076923078
0 0.08052884615384616 0.49759615384615385 0.056490384615384616 0.08052884615384616
0 0.09735576923076923 0.3894230769230769 0.08653846153846154 0.14903846153846154
0 0.13942307692307693 0.5324519230769231 0.039663461538461536 0.07692307692307693
0 0.20552884615384615 0.5564903846153846 0.0625 0.09134615384615384
0 0.33774038461538464 0.2932692307692308 0.08173076923076923 0.12379807692307693
0 0.8834134615384616 0.4050480769230769 0.13581730769230768 0.22235576923076922
0 0.7355769230769231 0.40384615384615385 0.15144230769230768 0.18870192307692307
0 0.5901442307692307 0.4543269230769231 0.13221153846153846 0.23677884615384615
0 0.53125 0.6730769230769231 0.06971153846153846 0.1310096153846154
0 0.5733173076923077 0.8870192307692307 0.054086538461538464 0.0985576923076923