0 0.10576923076923077 0.4987980769230769 0.1346153846153846 0.1814903846153846
0 0.8389423076923077 0.8004807692307693 0.1141826923076923 0.18389423076923078
0 0.6262019230769231 0.8004807692307693 0.11899038461538461 0.171875
0 0.44591346153846156 0.7439903846153846 0.25961538461538464 0.3425480769230769
0 0.27163461538461536 0.3125 0.10817307692307693 0.11057692307692307
0 0.11057692307692307 0.1502403846153846 0.0829326923076923 0.13221153846153846
0 0.45913461538461536 0.2548076923076923 0.0985576923076923 0.17548076923076922
0 0.8485576923076923 0.5600961538461539 0.12379807692307693 0.16346153846153846
0 0.6262019230769231 0.23557692307692307 0.11658653846153846 0.16826923076923078
0 0.171875 0.8485576923076923 0.11177884615384616 0.1502403846153846
0 0.25600961538461536 0.5348557692307693 0.07932692307692307 0.23197115384615385
0 0.054086538461538464 0.8774038461538461 0.10697115384615384 0.14783653846153846
0 0.6274038461538461 0.6430288461538461 0.10216346153846154 0.15745192307692307
0 0.41346153846153844 0.5336538461538461 0.11538461538461539 0.15625