0 0.1622596153846154 0.6538461538461539 0.3233173076923077 0.36778846153846156
0 0.5793269230769231 0.6875 0.16706730769230768 0.18269230769230768
0 0.7800480769230769 0.7403846153846154 0.22235576923076922 0.17067307692307693
0 0.9447115384615384 0.6646634615384616 0.10576923076923077 0.13942307692307693
0 0.8257211538461539 0.5408653846153846 0.19110576923076922 0.22235576923076922
0 0.7415865384615384 0.5949519230769231 0.20552884615384615 0.21875
0 0.5024038461538461 0.5504807692307693 0.28725961538461536 0.29927884615384615
0 0.7584134615384616 0.27403846153846156 0.47836538461538464 0.5360576923076923
0 0.15745192307692307 0.36899038461538464 0.31490384615384615 0.36778846153846156
0 0.24519230769230768 0.38461538461538464 0.44591346153846156 0.4579326923076923
0 0.43028846153846156 0.19591346153846154 0.5012019230769231 0.38100961538461536