0 0.18269230769230768 0.5276442307692307 0.171875 0.2127403846153846
0 0.33413461538461536 0.5961538461538461 0.3545673076923077 0.4855769230769231
0 0.43028846153846156 0.7403846153846154 0.07572115384615384 0.10096153846153846
0 0.35336538461538464 0.5745192307692307 0.20432692307692307 0.2824519230769231
0 0.45552884615384615 0.49759615384615385 0.06009615384615385 0.08533653846153846
0 0.34375 0.21153846153846154 0.2283653846153846 0.29086538461538464
0 0.5084134615384616 0.35336538461538464 0.1622596153846154 0.20793269230769232
0 0.7067307692307693 0.3389423076923077 0.1201923076923077 0.15985576923076922
0 0.6334134615384616 0.5637019230769231 0.2536057692307692 0.34375
0 0.8185096153846154 0.6334134615384616 0.13341346153846154 0.18629807692307693
0 0.7463942307692307 0.8389423076923077 0.20552884615384615 0.2848557692307692
0 0.5396634615384616 0.8461538461538461 0.21754807692307693 0.2800480769230769