0 0.23076923076923078 0.8040865384615384 0.09254807692307693 0.34615384615384615
0 0.3245192307692308 0.8016826923076923 0.09254807692307693 0.3161057692307692
0 0.5372596153846154 0.2127403846153846 0.042067307692307696 0.2247596153846154
0 0.5865384615384616 0.20673076923076922 0.042067307692307696 0.23076923076923078
0 0.5300480769230769 0.4699519230769231 0.07211538461538461 0.3401442307692308
0 0.49278846153846156 0.5192307692307693 0.055288461538461536 0.25841346153846156
0 0.4338942307692308 0.5192307692307693 0.0625 0.2608173076923077
0 0.38100961538461536 0.5576923076923077 0.04567307692307692 0.16466346153846154
0 0.3245192307692308 0.5288461538461539 0.07932692307692307 0.18389423076923078
0 0.6370192307692307 0.5661057692307693 0.0985576923076923 0.19110576923076922
0 0.6947115384615384 0.7776442307692307 0.07932692307692307 0.28725961538461536
0 0.5420673076923077 0.8581730769230769 0.07211538461538461 0.18990384615384615
0 0.4182692307692308 0.8653846153846154 0.09735576923076923 0.17067307692307693
0 0.8377403846153846 0.7620192307692307 0.0673076923076923 0.3894230769230769
0 0.9350961538461539 0.7584134615384616 0.09375 0.4170673076923077
0 0.8822115384615384 0.47475961538461536 0.06971153846153846 0.09134615384615384
0 0.9543269230769231 0.46634615384615385 0.08173076923076923 0.125
0 0.06610576923076923 0.15384615384615385 0.12139423076923077 0.16706730769230768
0 0.19110576923076922 0.14423076923076922 0.1346153846153846 0.17548076923076922
0 0.31850961538461536 0.12139423076923077 0.12139423076923077 0.17307692307692307
0 0.06370192307692307 0.30649038461538464 0.11298076923076923 0.1502403846153846
0 0.12740384615384615 0.3894230769230769 0.07211538461538461 0.09134615384615384
0 0.1971153846153846 0.38100961538461536 0.06971153846153846 0.09975961538461539
0 0.16105769230769232 0.2920673076923077 0.07451923076923077 0.10817307692307693
0 0.4651442307692308 0.15625 0.08774038461538461 0.11899038461538461
0 0.6706730769230769 0.2608173076923077 0.0625 0.09014423076923077
0 0.8737980769230769 0.3581730769230769 0.06610576923076923 0.09375
0 0.9507211538461539 0.3449519230769231 0.08774038461538461 0.11658653846153846