0 0.22355769230769232 0.22716346153846154 0.07451923076923077 0.21033653846153846
0 0.31490384615384615 0.22355769230769232 0.051682692307692304 0.15144230769230768
0 0.38822115384615385 0.21995192307692307 0.057692307692307696 0.10697115384615384
0 0.4639423076923077 0.22355769230769232 0.051682692307692304 0.14423076923076922
0 0.5348557692307693 0.22355769230769232 0.0625 0.14182692307692307
0 0.6105769230769231 0.22956730769230768 0.06009615384615385 0.13581730769230768
0 0.6802884615384616 0.22355769230769232 0.06009615384615385 0.1141826923076923
0 0.7427884615384616 0.24158653846153846 0.05048076923076923 0.1141826923076923
0 0.20072115384615385 0.41225961538461536 0.07211538461538461 0.14423076923076922
0 0.2824519230769231 0.4098557692307692 0.05048076923076923 0.14423076923076922
0 0.4423076923076923 0.39783653846153844 0.04807692307692308 0.203125
0 0.5180288461538461 0.3701923076923077 0.057692307692307696 0.1141826923076923
0 0.6045673076923077 0.3858173076923077 0.051682692307692304 0.1466346153846154
0 0.7884615384615384 0.40024038461538464 0.06971153846153846 0.1814903846153846
0 0.48197115384615385 0.6201923076923077 0.057692307692307696 0.15985576923076922
0 0.5745192307692307 0.6081730769230769 0.0625 0.14182692307692307
0 0.7572115384615384 0.5985576923076923 0.06370192307692307 0.1310096153846154
0 0.8161057692307693 0.5817307692307693 0.06850961538461539 0.1310096153846154
0 0.5204326923076923 0.8197115384615384 0.06370192307692307 0.21875
0 0.6225961538461539 0.8173076923076923 0.05048076923076923 0.19951923076923078
0 0.7043269230769231 0.8004807692307693 0.06850961538461539 0.19951923076923078
0 0.7884615384615384 0.7716346153846154 0.057692307692307696 0.1466346153846154
0 0.8509615384615384 0.7283653846153846 0.04807692307692308 0.10096153846153846