0 0.484375 0.30649038461538464 0.0889423076923077 0.5625
0 0.5997596153846154 0.32211538461538464 0.15264423076923078 0.5420673076923077
0 0.390625 0.33052884615384615 0.17067307692307693 0.5456730769230769
0 0.6814903846153846 0.38341346153846156 0.2512019230769231 0.5096153846153846
0 0.8509615384615384 0.30649038461538464 0.09375 0.1502403846153846
0 0.9350961538461539 0.38461538461538464 0.07932692307692307 0.12379807692307693
0 0.8581730769230769 0.5516826923076923 0.08413461538461539 0.12379807692307693
0 0.7824519230769231 0.6983173076923077 0.08173076923076923 0.11778846153846154
0 0.7091346153846154 0.6081730769230769 0.09254807692307693 0.14182692307692307
0 0.5048076923076923 0.8293269230769231 0.07932692307692307 0.10576923076923077
0 0.3641826923076923 0.7235576923076923 0.09254807692307693 0.12980769230769232
0 0.2091346153846154 0.6959134615384616 0.07932692307692307 0.1141826923076923
0 0.12740384615384615 0.5492788461538461 0.07932692307692307 0.12259615384615384
0 0.2127403846153846 0.46274038461538464 0.09375 0.14182692307692307
0 0.13581730769230768 0.2980769230769231 0.09735576923076923 0.14182692307692307
0 0.04927884615384615 0.3942307692307692 0.07932692307692307 0.12259615384615384
0 0.28365384615384615 0.6021634615384616 0.09254807692307693 0.13822115384615385
0 0.6430288461538461 0.7127403846153846 0.0985576923076923 0.12740384615384615
0 0.7764423076923077 0.46033653846153844 0.09134615384615384 0.14423076923076922