0 0.2692307692307692 0.49038461538461536 0.15144230769230768 0.09615384615384616
0 0.35697115384615385 0.29086538461538464 0.12620192307692307 0.35216346153846156
0 0.4675480769230769 0.2127403846153846 0.14182692307692307 0.4026442307692308
0 0.5973557692307693 0.2800480769230769 0.1201923076923077 0.2668269230769231
0 0.7211538461538461 0.328125 0.12980769230769232 0.2800480769230769
0 0.8629807692307693 0.47475961538461536 0.21634615384615385 0.27524038461538464
0 0.7944711538461539 0.7175480769230769 0.14182692307692307 0.13341346153846154
0 0.6394230769230769 0.8389423076923077 0.08653846153846154 0.24519230769230768
0 0.5264423076923077 0.8016826923076923 0.08774038461538461 0.16826923076923078
0 0.4206730769230769 0.7944711538461539 0.057692307692307696 0.15144230769230768
0 0.3425480769230769 0.7283653846153846 0.10817307692307693 0.17307692307692307
0 0.2704326923076923 0.6177884615384616 0.11177884615384616 0.09014423076923077
0 0.5564903846153846 0.5528846153846154 0.08052884615384616 0.109375
0 0.6334134615384616 0.578125 0.07451923076923077 0.10697115384615384
0 0.42427884615384615 0.5973557692307693 0.1201923076923077 0.16826923076923078