0 0.4675480769230769 0.6105769230769231 0.49038461538461536 0.4362980769230769
0 0.6790865384615384 0.6394230769230769 0.3125 0.28966346153846156
0 0.8725961538461539 0.6935096153846154 0.1814903846153846 0.18629807692307693
0 0.37740384615384615 0.8677884615384616 0.08653846153846154 0.08774038461538461
0 0.5841346153846154 0.859375 0.0985576923076923 0.09375
0 0.7944711538461539 0.8701923076923077 0.08774038461538461 0.08774038461538461
0 0.8221153846153846 0.4387019230769231 0.11057692307692307 0.10216346153846154
0 0.9399038461538461 0.5264423076923077 0.11658653846153846 0.11057692307692307
0 0.9411057692307693 0.2980769230769231 0.1141826923076923 0.21634615384615385
0 0.6947115384615384 0.2403846153846154 0.20192307692307693 0.21754807692307693
0 0.49278846153846156 0.36658653846153844 0.1502403846153846 0.15144230769230768
0 0.36538461538461536 0.2247596153846154 0.22355769230769232 0.22235576923076922
0 0.08173076923076923 0.2704326923076923 0.16346153846153846 0.21875
0 0.07451923076923077 0.47716346153846156 0.14783653846153846 0.1502403846153846
0 0.08052884615384616 0.7019230769230769 0.054086538461538464 0.054086538461538464
0 0.03485576923076923 0.7572115384615384 0.057692307692307696 0.0625
0 0.1141826923076923 0.7692307692307693 0.057692307692307696 0.054086538461538464
0 0.16346153846153846 0.7211538461538461 0.056490384615384616 0.06370192307692307
0 0.18509615384615385 0.5985576923076923 0.11658653846153846 0.12259615384615384
0 0.36177884615384615 0.5252403846153846 0.10817307692307693 0.1141826923076923
0 0.25600961538461536 0.41346153846153844 0.1502403846153846 0.14783653846153846