0 0.21153846153846154 0.32211538461538464 0.051682692307692304 0.10216346153846154
0 0.13581730769230768 0.32211538461538464 0.04447115384615385 0.0829326923076923
0 0.4230769230769231 0.296875 0.04927884615384615 0.14783653846153846
0 0.4723557692307692 0.2956730769230769 0.04447115384615385 0.14543269230769232
0 0.11177884615384616 0.5048076923076923 0.038461538461538464 0.06129807692307692
0 0.46033653846153844 0.46875 0.07932692307692307 0.05889423076923077
0 0.5769230769230769 0.5204326923076923 0.04927884615384615 0.052884615384615384
0 0.7463942307692307 0.5036057692307693 0.03365384615384615 0.07451923076923077
0 0.8497596153846154 0.49158653846153844 0.030048076923076924 0.09615384615384616
0 0.6586538461538461 0.46033653846153844 0.09014423076923077 0.07572115384615384
0 0.7415865384615384 0.3449519230769231 0.04447115384615385 0.0625
0 0.20673076923076922 0.4963942307692308 0.030048076923076924 0.06610576923076923
0 0.2668269230769231 0.3016826923076923 0.04326923076923077 0.09375
0 0.3173076923076923 0.3401442307692308 0.056490384615384616 0.10697115384615384
0 0.36538461538461536 0.3004807692307692 0.051682692307692304 0.10576923076923077
0 0.5276442307692307 0.3293269230769231 0.04326923076923077 0.06971153846153846
0 0.6526442307692307 0.35216346153846156 0.055288461538461536 0.06850961538461539
0 0.3233173076923077 0.4963942307692308 0.02403846153846154 0.08052884615384616