0 0.16105769230769232 0.25841346153846156 0.19951923076923078 0.33774038461538464
0 0.28846153846153844 0.22235576923076922 0.14302884615384615 0.3942307692307692
0 0.3918269230769231 0.34615384615384615 0.27524038461538464 0.38100961538461536
0 0.4483173076923077 0.5240384615384616 0.34975961538461536 0.39903846153846156
0 0.4807692307692308 0.7199519230769231 0.31009615384615385 0.5192307692307693
0 0.6862980769230769 0.5204326923076923 0.3173076923076923 0.4675480769230769
0 0.6346153846153846 0.28846153846153844 0.3629807692307692 0.32211538461538464
0 0.11658653846153846 0.4963942307692308 0.18509615384615385 0.18389423076923078
0 0.8641826923076923 0.5985576923076923 0.16466346153846154 0.12740384615384615
0 0.7211538461538461 0.44711538461538464 0.12740384615384615 0.14783653846153846
0 0.8834134615384616 0.3293269230769231 0.1778846153846154 0.16346153846153846
0 0.8449519230769231 0.1814903846153846 0.16706730769230768 0.15865384615384615
0 0.7163461538461539 0.2764423076923077 0.1346153846153846 0.140625
0 0.6165865384615384 0.11778846153846154 0.11057692307692307 0.15625
0 0.43149038461538464 0.0985576923076923 0.15985576923076922 0.15625
0 0.7079326923076923 0.14182692307692307 0.07692307692307693 0.1310096153846154
0 0.8822115384615384 0.4951923076923077 0.18269230769230768 0.16346153846153846