0 0.25721153846153844 0.49158653846153844 0.09254807692307693 0.6875
0 0.32091346153846156 0.3605769230769231 0.10216346153846154 0.3798076923076923
0 0.42788461538461536 0.38461538461538464 0.10216346153846154 0.43028846153846156
0 0.5877403846153846 0.38822115384615385 0.12620192307692307 0.4543269230769231
0 0.7355769230769231 0.375 0.12860576923076922 0.43028846153846156
0 0.8125 0.6826923076923077 0.10576923076923077 0.4795673076923077
0 0.8641826923076923 0.4014423076923077 0.11658653846153846 0.43028846153846156
0 0.8930288461538461 0.7584134615384616 0.08052884615384616 0.24759615384615385
0 0.7079326923076923 0.7884615384615384 0.09615384615384616 0.25240384615384615
0 0.5853365384615384 0.7752403846153846 0.10216346153846154 0.20432692307692307
0 0.44591346153846156 0.8040865384615384 0.09615384615384616 0.34975961538461536
0 0.33653846153846156 0.7680288461538461 0.09014423076923077 0.24639423076923078