0 0.16947115384615385 0.2824519230769231 0.0889423076923077 0.08653846153846154
0 0.37740384615384615 0.2824519230769231 0.09254807692307693 0.08653846153846154
0 0.6081730769230769 0.28365384615384615 0.08413461538461539 0.08052884615384616
0 0.8713942307692307 0.28725961538461536 0.09615384615384616 0.08413461538461539
0 0.14302884615384615 0.47475961538461536 0.10216346153846154 0.08653846153846154
0 0.36899038461538464 0.47475961538461536 0.09735576923076923 0.08653846153846154
0 0.6454326923076923 0.4807692307692308 0.13701923076923078 0.125
0 0.8737980769230769 0.47596153846153844 0.14543269230769232 0.1346153846153846
0 0.10336538461538461 0.703125 0.14423076923076922 0.13822115384615385
0 0.35336538461538464 0.7091346153846154 0.14543269230769232 0.14423076923076922
0 0.6394230769230769 0.7151442307692307 0.14543269230769232 0.13341346153846154