0 0.2824519230769231 0.4495192307692308 0.12259615384615384 0.140625
0 0.41586538461538464 0.4579326923076923 0.109375 0.12980769230769232
0 0.5564903846153846 0.4423076923076923 0.13221153846153846 0.140625
0 0.6983173076923077 0.43990384615384615 0.11298076923076923 0.12980769230769232
0 0.8485576923076923 0.4387019230769231 0.11658653846153846 0.13341346153846154
0 0.2644230769230769 0.16105769230769232 0.2512019230769231 0.29927884615384615
0 0.49158653846153844 0.15144230769230768 0.2644230769230769 0.30288461538461536
0 0.7139423076923077 0.1502403846153846 0.29086538461538464 0.29927884615384615
0 0.20673076923076922 0.8016826923076923 0.30649038461538464 0.35697115384615385
0 0.5228365384615384 0.7872596153846154 0.32572115384615385 0.35697115384615385
0 0.7199519230769231 0.6262019230769231 0.12860576923076922 0.14423076923076922
0 0.8882211538461539 0.6177884615384616 0.16105769230769232 0.17668269230769232