0 0.2548076923076923 0.35096153846153844 0.2824519230769231 0.3317307692307692
0 0.2860576923076923 0.6754807692307693 0.09014423076923077 0.1502403846153846
0 0.4723557692307692 0.7127403846153846 0.1201923076923077 0.15985576923076922
0 0.6081730769230769 0.6814903846153846 0.056490384615384616 0.09735576923076923
0 0.7584134615384616 0.6153846153846154 0.1658653846153846 0.265625
0 0.5793269230769231 0.5528846153846154 0.057692307692307696 0.109375
0 0.47836538461538464 0.5564903846153846 0.0625 0.11298076923076923
0 0.5048076923076923 0.3449519230769231 0.11778846153846154 0.1875
0 0.6310096153846154 0.28725961538461536 0.051682692307692304 0.1502403846153846
0 0.7668269230769231 0.34975961538461536 0.1502403846153846 0.22235576923076922
0 0.6418269230769231 0.46153846153846156 0.057692307692307696 0.11298076923076923