0 0.20192307692307693 0.44471153846153844 0.10817307692307693 0.14783653846153846
0 0.33413461538461536 0.47716346153846156 0.12139423076923077 0.1658653846153846
0 0.44350961538461536 0.3485576923076923 0.10216346153846154 0.14783653846153846
0 0.5336538461538461 0.1935096153846154 0.09495192307692307 0.13221153846153846
0 0.640625 0.17307692307692307 0.0889423076923077 0.12740384615384615
0 0.7247596153846154 0.24519230769230768 0.15625 0.21033653846153846
0 0.671875 0.44471153846153844 0.1502403846153846 0.18028846153846154
0 0.8149038461538461 0.4074519230769231 0.15264423076923078 0.21634615384615385
0 0.7584134615384616 0.6850961538461539 0.14783653846153846 0.18990384615384615
0 0.6598557692307693 0.5985576923076923 0.11899038461538461 0.15144230769230768
0 0.49278846153846156 0.6334134615384616 0.24158653846153846 0.32572115384615385
0 0.2692307692307692 0.703125 0.15264423076923078 0.20432692307692307
0 0.3233173076923077 0.8269230769230769 0.15865384615384615 0.20432692307692307
0 0.5048076923076923 0.8689903846153846 0.11899038461538461 0.15985576923076922
0 0.6225961538461539 0.8064903846153846 0.14783653846153846 0.20432692307692307
0 0.7439903846153846 0.8365384615384616 0.1502403846153846 0.18990384615384615