0 0.1658653846153846 0.24639423076923078 0.24158653846153846 0.33774038461538464
0 0.4879807692307692 0.24158653846153846 0.23557692307692307 0.2956730769230769
0 0.171875 0.5036057692307693 0.0985576923076923 0.13341346153846154
0 0.3245192307692308 0.5108173076923077 0.09134615384615384 0.12740384615384615
0 0.4495192307692308 0.4987980769230769 0.0985576923076923 0.14302884615384615
0 0.6670673076923077 0.27524038461538464 0.10096153846153846 0.1310096153846154
0 0.8689903846153846 0.19951923076923078 0.23798076923076922 0.3293269230769231
0 0.6442307692307693 0.6983173076923077 0.37740384615384615 0.49399038461538464
0 0.8882211538461539 0.5661057692307693 0.10576923076923077 0.13701923076923078
0 0.3317307692307692 0.75 0.11177884615384616 0.13942307692307693
0 0.14423076923076922 0.7391826923076923 0.19230769230769232 0.2704326923076923
0 0.9110576923076923 0.8088942307692307 0.11658653846153846 0.15144230769230768