0 0.22956730769230768 0.20552884615384615 0.3954326923076923 0.3545673076923077
0 0.2704326923076923 0.5108173076923077 0.38100961538461536 0.3425480769230769
0 0.5024038461538461 0.5180288461538461 0.07932692307692307 0.07451923076923077
0 0.49278846153846156 0.5865384615384616 0.09014423076923077 0.09014423076923077
0 0.5132211538461539 0.6814903846153846 0.09014423076923077 0.08774038461538461
0 0.5853365384615384 0.5709134615384616 0.09254807692307693 0.08173076923076923
0 0.7055288461538461 0.5757211538461539 0.09014423076923077 0.08413461538461539
0 0.7295673076923077 0.703125 0.09014423076923077 0.08413461538461539
0 0.7391826923076923 0.7752403846153846 0.09735576923076923 0.09375
0 0.6502403846153846 0.7692307692307693 0.09735576923076923 0.09975961538461539
0 0.5228365384615384 0.7704326923076923 0.09014423076923077 0.08413461538461539
0 0.4483173076923077 0.7620192307692307 0.07932692307692307 0.09014423076923077
0 0.6598557692307693 0.6478365384615384 0.09735576923076923 0.054086538461538464