0 0.13701923076923078 0.515625 0.15985576923076922 0.1778846153846154
0 0.25961538461538464 0.6370192307692307 0.14302884615384615 0.1778846153846154
0 0.23677884615384615 0.30528846153846156 0.16706730769230768 0.22235576923076922
0 0.36778846153846156 0.41947115384615385 0.14302884615384615 0.1935096153846154
0 0.546875 0.3918269230769231 0.1201923076923077 0.13341346153846154
0 0.46634615384615385 0.5540865384615384 0.09014423076923077 0.13341346153846154
0 0.515625 0.8161057692307693 0.10336538461538461 0.11298076923076923
0 0.7728365384615384 0.6442307692307693 0.16466346153846154 0.1935096153846154
0 0.640625 0.5144230769230769 0.14302884615384615 0.1778846153846154
0 0.8173076923076923 0.4519230769230769 0.13701923076923078 0.16706730769230768
0 0.7355769230769231 0.22956730769230768 0.22716346153846154 0.2536057692307692
0 0.42427884615384615 0.24278846153846154 0.14543269230769232 0.13822115384615385