0 0.1875 0.5649038461538461 0.09014423076923077 0.09375
0 0.18990384615384615 0.47475961538461536 0.08653846153846154 0.078125
0 0.1875 0.3125 0.09254807692307693 0.09254807692307693
0 0.3942307692307692 0.2692307692307692 0.08653846153846154 0.09014423076923077
0 0.3605769230769231 0.3245192307692308 0.10216346153846154 0.09375
0 0.30649038461538464 0.39302884615384615 0.08653846153846154 0.08413461538461539
0 0.27163461538461536 0.46634615384615385 0.08052884615384616 0.09615384615384616
0 0.2403846153846154 0.6286057692307693 0.10817307692307693 0.09375
0 0.22235576923076922 0.7788461538461539 0.08653846153846154 0.09615384615384616
0 0.17548076923076922 0.7151442307692307 0.07211538461538461 0.1045673076923077
0 0.3545673076923077 0.9050480769230769 0.04807692307692308 0.09254807692307693
0 0.41947115384615385 0.9375 0.09615384615384616 0.09254807692307693
0 0.4014423076923077 0.8076923076923077 0.08052884615384616 0.0985576923076923
0 0.5901442307692307 0.6778846153846154 0.08653846153846154 0.09014423076923077
0 0.7608173076923077 0.5949519230769231 0.07451923076923077 0.07572115384615384
0 0.7944711538461539 0.5084134615384616 0.06971153846153846 0.09615384615384616
0 0.6899038461538461 0.41225961538461536 0.09375 0.09375
0 0.828125 0.3425480769230769 0.08052884615384616 0.08774038461538461
0 0.6225961538461539 0.3329326923076923 0.08653846153846154 0.078125
0 0.46033653846153844 0.3317307692307692 0.08052884615384616 0.09615384615384616
0 0.6514423076923077 0.1875 0.09014423076923077 0.08413461538461539
0 0.7271634615384616 0.15745192307692307 0.08173076923076923 0.08774038461538461
0 0.7427884615384616 0.24759615384615385 0.078125 0.08653846153846154
0 0.39903846153846156 0.6033653846153846 0.08774038461538461 0.09615384615384616
0 0.3233173076923077 0.5673076923076923 0.08413461538461539 0.0985576923076923
0 0.515625 0.6346153846153846 0.07451923076923077 0.057692307692307696
0 0.5264423076923077 0.5709134615384616 0.06610576923076923 0.07451923076923077
0 0.59375 0.5612980769230769 0.078125 0.08653846153846154
0 0.6129807692307693 0.7752403846153846 0.08653846153846154 0.08173076923076923
0 0.5084134615384616 0.8677884615384616 0.08173076923076923 0.08413461538461539
0 0.3942307692307692 0.47475961538461536 0.08413461538461539 0.09254807692307693
0 0.5372596153846154 0.4362980769230769 0.08052884615384616 0.08413461538461539
0 0.5264423076923077 0.3545673076923077 0.07572115384615384 0.08774038461538461
0 0.6754807692307693 0.5264423076923077 0.0625 0.09254807692307693
0 0.3918269230769231 0.7199519230769231 0.078125 0.0985576923076923