0 0.19471153846153846 0.5769230769230769 0.21153846153846154 0.4375
0 0.11778846153846154 0.7019230769230769 0.23557692307692307 0.27884615384615385
0 0.4831730769230769 0.6310096153846154 0.2439903846153846 0.3137019230769231
0 0.6033653846153846 0.5456730769230769 0.14783653846153846 0.4098557692307692
0 0.8401442307692307 0.6514423076923077 0.27884615384615385 0.31971153846153844
0 0.9471153846153846 0.5264423076923077 0.10216346153846154 0.3894230769230769
0 0.8004807692307693 0.40024038461538464 0.21875 0.22355769230769232
0 0.47836538461538464 0.3713942307692308 0.16826923076923078 0.21995192307692307
0 0.25841346153846156 0.26322115384615385 0.18870192307692307 0.30649038461538464
0 0.4987980769230769 0.17307692307692307 0.10336538461538461 0.14182692307692307
0 0.7872596153846154 0.21754807692307693 0.20673076923076922 0.16947115384615385
0 0.9242788461538461 0.22956730769230768 0.13942307692307693 0.23197115384615385