0 0.4375 0.5180288461538461 0.15144230769230768 0.12980769230769232
0 0.6646634615384616 0.3245192307692308 0.12980769230769232 0.12620192307692307
0 0.8665865384615384 0.2608173076923077 0.12980769230769232 0.11778846153846154
0 0.7439903846153846 0.23076923076923078 0.12740384615384615 0.12620192307692307
0 0.6117788461538461 0.1814903846153846 0.12980769230769232 0.12259615384615384
0 0.8112980769230769 0.8269230769230769 0.13221153846153846 0.12620192307692307
0 0.13942307692307693 0.7475961538461539 0.14182692307692307 0.12379807692307693
0 0.10096153846153846 0.38822115384615385 0.12740384615384615 0.14182692307692307
0 0.5540865384615384 0.6875 0.07572115384615384 0.13822115384615385
0 0.8533653846153846 0.5637019230769231 0.12620192307692307 0.11177884615384616
0 0.8605769230769231 0.38341346153846156 0.12740384615384615 0.12620192307692307
0 0.21995192307692307 0.3858173076923077 0.1141826923076923 0.12620192307692307
0 0.6117788461538461 0.8197115384615384 0.07451923076923077 0.12980769230769232