0 0.12860576923076922 0.4170673076923077 0.15985576923076922 0.15384615384615385
0 0.2403846153846154 0.5264423076923077 0.14783653846153846 0.1502403846153846
0 0.3293269230769231 0.6418269230769231 0.14182692307692307 0.1502403846153846
0 0.17548076923076922 0.7043269230769231 0.1502403846153846 0.15985576923076922
0 0.4795673076923077 0.7127403846153846 0.15384615384615385 0.12379807692307693
0 0.7223557692307693 0.7163461538461539 0.15985576923076922 0.15144230769230768
0 0.3629807692307692 0.22355769230769232 0.11778846153846154 0.12620192307692307
0 0.44711538461538464 0.31490384615384615 0.15144230769230768 0.14783653846153846
0 0.4110576923076923 0.43149038461538464 0.11177884615384616 0.1201923076923077
0 0.5384615384615384 0.43149038461538464 0.14182692307692307 0.1502403846153846
0 0.47596153846153844 0.5793269230769231 0.13341346153846154 0.13942307692307693
0 0.5901442307692307 0.6189903846153846 0.11057692307692307 0.1045673076923077
0 0.6923076923076923 0.5612980769230769 0.1502403846153846 0.15625
0 0.8161057692307693 0.49399038461538464 0.15985576923076922 0.1502403846153846
0 0.7620192307692307 0.39302884615384615 0.1502403846153846 0.15384615384615385
0 0.6442307692307693 0.43149038461538464 0.08774038461538461 0.13341346153846154
0 0.5913461538461539 0.28725961538461536 0.1658653846153846 0.13942307692307693