0 0.13942307692307693 0.5024038461538461 0.078125 0.06850961538461539
0 0.24158653846153846 0.5733173076923077 0.078125 0.078125
0 0.1971153846153846 0.3786057692307692 0.07211538461538461 0.056490384615384616
0 0.23557692307692307 0.4266826923076923 0.054086538461538464 0.04807692307692308
0 0.2860576923076923 0.375 0.10576923076923077 0.08653846153846154
0 0.30649038461538464 0.49759615384615385 0.1141826923076923 0.10817307692307693
0 0.38822115384615385 0.5384615384615384 0.12259615384615384 0.1141826923076923
0 0.3485576923076923 0.6514423076923077 0.12259615384615384 0.11658653846153846
0 0.5252403846153846 0.6706730769230769 0.09014423076923077 0.09375
0 0.7115384615384616 0.6334134615384616 0.09375 0.08774038461538461
0 0.6322115384615384 0.6550480769230769 0.06370192307692307 0.0625
0 0.5528846153846154 0.7536057692307693 0.078125 0.06370192307692307
0 0.5012019230769231 0.36778846153846156 0.1045673076923077 0.09975961538461539
0 0.484375 0.4675480769230769 0.1141826923076923 0.09375
0 0.41586538461538464 0.39903846153846156 0.09014423076923077 0.08413461538461539
0 0.3858173076923077 0.3088942307692308 0.11057692307692307 0.09615384615384616
0 0.49158653846153844 0.2824519230769231 0.09615384615384616 0.07572115384615384
0 0.6334134615384616 0.3233173076923077 0.11177884615384616 0.11177884615384616
0 0.7295673076923077 0.4375 0.10576923076923077 0.08774038461538461
0 0.8221153846153846 0.3954326923076923 0.054086538461538464 0.0985576923076923
0 0.7860576923076923 0.48677884615384615 0.07451923076923077 0.06370192307692307
0 0.8052884615384616 0.5552884615384616 0.09615384615384616 0.08653846153846154
0 0.671875 0.5685096153846154 0.09254807692307693 0.08052884615384616
0 0.6658653846153846 0.5132211538461539 0.07572115384615384 0.06009615384615385
0 0.5997596153846154 0.5180288461538461 0.057692307692307696 0.054086538461538464
0 0.7716346153846154 0.6875 0.08774038461538461 0.09014423076923077
0 0.8725961538461539 0.6346153846153846 0.06971153846153846 0.06610576923076923
0 0.8665865384615384 0.6971153846153846 0.05048076923076923 0.056490384615384616