0 0.11899038461538461 0.5901442307692307 0.18028846153846154 0.25
0 0.13822115384615385 0.2512019230769231 0.20192307692307693 0.2704326923076923
0 0.3798076923076923 0.21875 0.20192307692307693 0.26802884615384615
0 0.6310096153846154 0.19110576923076922 0.20072115384615385 0.2800480769230769
0 0.8737980769230769 0.1502403846153846 0.1935096153846154 0.2764423076923077
0 0.8737980769230769 0.47475961538461536 0.16826923076923078 0.25
0 0.6237980769230769 0.5216346153846154 0.17307692307692307 0.25
0 0.3858173076923077 0.5408653846153846 0.18269230769230768 0.2439903846153846
0 0.12980769230769232 0.8629807692307693 0.17548076923076922 0.2283653846153846
0 0.390625 0.8389423076923077 0.16826923076923078 0.23557692307692307
0 0.6490384615384616 0.8161057692307693 0.16826923076923078 0.23197115384615385
0 0.890625 0.7764423076923077 0.1658653846153846 0.23798076923076922