0 0.3389423076923077 0.24759615384615385 0.23557692307692307 0.21634615384615385
0 0.6682692307692307 0.22716346153846154 0.18990384615384615 0.15625
0 0.34615384615384615 0.43149038461538464 0.3245192307692308 0.27163461538461536
0 0.7055288461538461 0.38341346153846156 0.31850961538461536 0.3016826923076923
0 0.6033653846153846 0.6045673076923077 0.1622596153846154 0.16826923076923078
0 0.84375 0.6177884615384616 0.1778846153846154 0.16826923076923078
0 0.8377403846153846 0.6838942307692307 0.28846153846153844 0.2860576923076923
0 0.6394230769230769 0.8112980769230769 0.1875 0.24158653846153846
0 0.4495192307692308 0.7788461538461539 0.27163461538461536 0.2800480769230769
0 0.17427884615384615 0.6971153846153846 0.30408653846153844 0.26802884615384615
0 0.38100961538461536 0.5997596153846154 0.20192307692307693 0.171875