0 0.7584134615384616 0.09615384615384616 0.17548076923076922 0.19230769230769232
0 0.17427884615384615 0.3485576923076923 0.17427884615384615 0.19230769230769232
0 0.20673076923076922 0.5372596153846154 0.20432692307692307 0.21995192307692307
0 0.3485576923076923 0.7415865384615384 0.20793269230769232 0.18389423076923078
0 0.5240384615384616 0.8137019230769231 0.19951923076923078 0.20793269230769232
0 0.2536057692307692 0.21754807692307693 0.14423076923076922 0.1622596153846154
0 0.7163461538461539 0.26802884615384615 0.171875 0.1502403846153846
0 0.6213942307692307 0.20432692307692307 0.16826923076923078 0.15384615384615385
0 0.5600961538461539 0.13341346153846154 0.14783653846153846 0.13942307692307693
0 0.5384615384615384 0.37259615384615385 0.20432692307692307 0.18389423076923078
0 0.6995192307692307 0.40384615384615385 0.15985576923076922 0.19951923076923078
0 0.5456730769230769 0.5733173076923077 0.17548076923076922 0.10817307692307693
0 0.5324519230769231 0.48677884615384615 0.1814903846153846 0.09014423076923077
0 0.4338942307692308 0.6117788461538461 0.14543269230769232 0.171875
0 0.34134615384615385 0.3894230769230769 0.17427884615384615 0.20192307692307693
0 0.40625 0.22235576923076922 0.15144230769230768 0.16346153846153846
0 0.4675480769230769 0.25841346153846156 0.15384615384615385 0.14423076923076922
0 0.23557692307692307 0.6370192307692307 0.20432692307692307 0.17427884615384615