0 0.1778846153846154 0.27283653846153844 0.18389423076923078 0.2536057692307692
0 0.40024038461538464 0.2512019230769231 0.16947115384615385 0.25841346153846156
0 0.6141826923076923 0.2668269230769231 0.1658653846153846 0.2283653846153846
0 0.8377403846153846 0.2644230769230769 0.171875 0.234375
0 0.1875 0.5408653846153846 0.1502403846153846 0.21153846153846154
0 0.3942307692307692 0.5384615384615384 0.15625 0.20552884615384615
0 0.6141826923076923 0.5504807692307693 0.1346153846153846 0.19951923076923078
0 0.8076923076923077 0.5576923076923077 0.14423076923076922 0.1935096153846154
0 0.19951923076923078 0.7764423076923077 0.11177884615384616 0.16826923076923078
0 0.39663461538461536 0.7668269230769231 0.11298076923076923 0.16346153846153846
0 0.6105769230769231 0.7752403846153846 0.0985576923076923 0.13221153846153846
0 0.7944711538461539 0.7740384615384616 0.09254807692307693 0.13221153846153846