0 0.20432692307692307 0.3076923076923077 0.12980769230769232 0.1141826923076923
0 0.6418269230769231 0.1502403846153846 0.18389423076923078 0.171875
0 0.4375 0.21153846153846154 0.13942307692307693 0.11177884615384616
0 0.375 0.3004807692307692 0.12980769230769232 0.0985576923076923
0 0.5384615384615384 0.2764423076923077 0.15625 0.14903846153846154
0 0.42788461538461536 0.38822115384615385 0.11778846153846154 0.13341346153846154
0 0.18870192307692307 0.41225961538461536 0.12379807692307693 0.125
0 0.3076923076923077 0.4987980769230769 0.17548076923076922 0.15625
0 0.47716346153846156 0.8413461538461539 0.15625 0.1935096153846154
0 0.7800480769230769 0.359375 0.18028846153846154 0.15264423076923078
0 0.8016826923076923 0.49278846153846156 0.18629807692307693 0.17548076923076922
0 0.6310096153846154 0.5793269230769231 0.11658653846153846 0.11057692307692307
0 0.5685096153846154 0.48677884615384615 0.12740384615384615 0.11778846153846154
0 0.5853365384615384 0.3762019230769231 0.12620192307692307 0.10216346153846154
0 0.4326923076923077 0.5901442307692307 0.1622596153846154 0.15625
0 0.78125 0.6995192307692307 0.19951923076923078 0.1778846153846154
0 0.5925480769230769 0.7379807692307693 0.16346153846153846 0.18389423076923078
0 0.3425480769230769 0.8401442307692307 0.10817307692307693 0.1201923076923077