0 0.1201923076923077 0.5925480769230769 0.14423076923076922 0.23197115384615385
0 0.5456730769230769 0.3894230769230769 0.21153846153846154 0.21754807692307693
0 0.1935096153846154 0.5204326923076923 0.17548076923076922 0.17427884615384615
0 0.3605769230769231 0.4579326923076923 0.17427884615384615 0.15144230769230768
0 0.7692307692307693 0.46274038461538464 0.15144230769230768 0.1622596153846154
0 0.8569711538461539 0.6009615384615384 0.21995192307692307 0.21995192307692307
0 0.7391826923076923 0.7608173076923077 0.21153846153846154 0.19951923076923078
0 0.47475961538461536 0.7512019230769231 0.18028846153846154 0.1875
0 0.22956730769230768 0.7427884615384616 0.20192307692307693 0.20432692307692307
0 0.359375 0.6670673076923077 0.19831730769230768 0.18990384615384615
0 0.5973557692307693 0.6418269230769231 0.20192307692307693 0.18990384615384615
0 0.6165865384615384 0.5084134615384616 0.16826923076923078 0.10216346153846154
0 0.41225961538461536 0.5420673076923077 0.20793269230769232 0.19831730769230768