0 0.07692307692307693 0.671875 0.13942307692307693 0.11778846153846154
0 0.8774038461538461 0.24639423076923078 0.21634615384615385 0.21754807692307693
0 0.8665865384615384 0.4495192307692308 0.24639423076923078 0.21033653846153846
0 0.8617788461538461 0.6274038461538461 0.23557692307692307 0.21634615384615385
0 0.7295673076923077 0.7235576923076923 0.17548076923076922 0.1658653846153846
0 0.22596153846153846 0.6105769230769231 0.13341346153846154 0.11778846153846154
0 0.22355769230769232 0.7295673076923077 0.13822115384615385 0.13221153846153846
0 0.41346153846153844 0.5036057692307693 0.1658653846153846 0.1622596153846154
0 0.41346153846153844 0.5961538461538461 0.20552884615384615 0.14423076923076922
0 0.41346153846153844 0.6862980769230769 0.20552884615384615 0.1201923076923077
0 0.4735576923076923 0.7692307692307693 0.13221153846153846 0.11057692307692307
0 0.625 0.4206730769230769 0.19951923076923078 0.20432692307692307
0 0.6286057692307693 0.5552884615384616 0.20793269230769232 0.14182692307692307
0 0.625 0.6802884615384616 0.21634615384615385 0.12980769230769232