0 0.07091346153846154 0.3245192307692308 0.12620192307692307 0.12740384615384615
0 0.22716346153846154 0.33052884615384615 0.13822115384615385 0.14423076923076922
0 0.3870192307692308 0.3245192307692308 0.13581730769230768 0.14423076923076922
0 0.5889423076923077 0.32211538461538464 0.17427884615384615 0.1502403846153846
0 0.8197115384615384 0.31490384615384615 0.20432692307692307 0.1935096153846154
0 0.12860576923076922 0.5685096153846154 0.11057692307692307 0.11177884615384616
0 0.2668269230769231 0.5697115384615384 0.11057692307692307 0.12740384615384615
0 0.41466346153846156 0.5649038461538461 0.11658653846153846 0.11778846153846154
0 0.5889423076923077 0.5625 0.13942307692307693 0.13822115384615385
0 0.8305288461538461 0.5516826923076923 0.21634615384615385 0.20192307692307693
0 0.12259615384615384 0.7644230769230769 0.1141826923076923 0.10817307692307693
0 0.25841346153846156 0.7644230769230769 0.1141826923076923 0.11057692307692307
0 0.4074519230769231 0.7644230769230769 0.11658653846153846 0.11177884615384616
0 0.5805288461538461 0.7620192307692307 0.14182692307692307 0.13581730769230768
0 0.84375 0.7728365384615384 0.20192307692307693 0.19591346153846154