0 0.11177884615384616 0.34134615384615385 0.16947115384615385 0.2776442307692308
0 0.28365384615384615 0.27283653846153844 0.1658653846153846 0.20432692307692307
0 0.4338942307692308 0.2247596153846154 0.16826923076923078 0.17307692307692307
0 0.42908653846153844 0.3762019230769231 0.1814903846153846 0.19951923076923078
0 0.24639423076923078 0.4411057692307692 0.1935096153846154 0.23798076923076922
0 0.24158653846153846 0.6754807692307693 0.19951923076923078 0.30408653846153844
0 0.41466346153846156 0.5913461538461539 0.1875 0.2980769230769231
0 0.703125 0.3245192307692308 0.20793269230769232 0.2536057692307692
0 0.5709134615384616 0.4963942307692308 0.21754807692307693 0.23798076923076922
0 0.8064903846153846 0.4651442307692308 0.19831730769230768 0.2776442307692308
0 0.7548076923076923 0.6899038461538461 0.21754807692307693 0.33774038461538464
0 0.5612980769230769 0.7295673076923077 0.19951923076923078 0.2776442307692308