0 0.20793269230769232 0.5685096153846154 0.08052884615384616 0.2704326923076923
0 0.38341346153846156 0.7704326923076923 0.11658653846153846 0.17548076923076922
0 0.4963942307692308 0.8221153846153846 0.10216346153846154 0.14302884615384615
0 0.34375 0.5721153846153846 0.09975961538461539 0.12980769230769232
0 0.3076923076923077 0.4483173076923077 0.18629807692307693 0.24158653846153846
0 0.6995192307692307 0.5564903846153846 0.26802884615384615 0.3485576923076923
0 0.8822115384615384 0.5901442307692307 0.1141826923076923 0.16947115384615385
0 0.8052884615384616 0.38100961538461536 0.16826923076923078 0.21153846153846154
0 0.6850961538461539 0.2764423076923077 0.22956730769230768 0.24158653846153846
0 0.46033653846153844 0.19591346153846154 0.26802884615384615 0.390625
0 0.5024038461538461 0.45913461538461536 0.22355769230769232 0.29927884615384615