0 0.6442307692307693 0.2512019230769231 0.1310096153846154 0.17427884615384615
0 0.7572115384615384 0.5288461538461539 0.13221153846153846 0.1502403846153846
0 0.6742788461538461 0.7824519230769231 0.10817307692307693 0.171875
0 0.5793269230769231 0.7127403846153846 0.10697115384615384 0.15985576923076922
0 0.2860576923076923 0.3485576923076923 0.1201923076923077 0.1658653846153846
0 0.375 0.35336538461538464 0.1201923076923077 0.18028846153846154
0 0.5024038461538461 0.3293269230769231 0.1201923076923077 0.14783653846153846
0 0.5372596153846154 0.4326923076923077 0.12259615384615384 0.1658653846153846
0 0.6105769230769231 0.4651442307692308 0.10697115384615384 0.18389423076923078
0 0.7007211538461539 0.4014423076923077 0.125 0.16346153846153846
0 0.2403846153846154 0.4987980769230769 0.12860576923076922 0.17427884615384615
0 0.2980769230769231 0.6382211538461539 0.12620192307692307 0.14423076923076922
0 0.3449519230769231 0.71875 0.1346153846153846 0.17427884615384615
0 0.46875 0.7415865384615384 0.1201923076923077 0.16346153846153846
0 0.4411057692307692 0.8846153846153846 0.12139423076923077 0.15144230769230768
0 0.5612980769230769 0.8725961538461539 0.12259615384615384 0.15625
0 0.49158653846153844 0.6081730769230769 0.125 0.1201923076923077
0 0.6322115384615384 0.6418269230769231 0.13341346153846154 0.16826923076923078
0 0.3605769230769231 0.5204326923076923 0.1201923076923077 0.15985576923076922
0 0.4807692307692308 0.4855769230769231 0.11658653846153846 0.16346153846153846