0 0.3233173076923077 0.7764423076923077 0.17427884615384615 0.1935096153846154
0 0.4855769230769231 0.8125 0.1875 0.17427884615384615
0 0.17908653846153846 0.6286057692307693 0.16947115384615385 0.16826923076923078
0 0.15144230769230768 0.4387019230769231 0.14182692307692307 0.14182692307692307
0 0.2439903846153846 0.3233173076923077 0.13942307692307693 0.13221153846153846
0 0.33653846153846156 0.24278846153846154 0.12740384615384615 0.12259615384615384
0 0.4735576923076923 0.20072115384615385 0.1201923076923077 0.09615384615384616
0 0.6274038461538461 0.1814903846153846 0.13341346153846154 0.09014423076923077
0 0.4483173076923077 0.36538461538461536 0.07572115384615384 0.12620192307692307
0 0.4362980769230769 0.27283653846153844 0.13221153846153846 0.08173076923076923
0 0.33052884615384615 0.4110576923076923 0.15625 0.14783653846153846
0 0.2800480769230769 0.4891826923076923 0.15625 0.13221153846153846
0 0.31009615384615385 0.59375 0.10576923076923077 0.16826923076923078
0 0.4675480769230769 0.6526442307692307 0.16947115384615385 0.17548076923076922
0 0.6646634615384616 0.6153846153846154 0.15625 0.17427884615384615
0 0.8737980769230769 0.5144230769230769 0.17427884615384615 0.15985576923076922
0 0.8822115384615384 0.3329326923076923 0.14543269230769232 0.13822115384615385
0 0.6574519230769231 0.27403846153846156 0.1502403846153846 0.14783653846153846
0 0.5432692307692307 0.36177884615384615 0.13341346153846154 0.12740384615384615
0 0.5925480769230769 0.453125 0.1622596153846154 0.16346153846153846
0 0.7235576923076923 0.5072115384615384 0.1502403846153846 0.1502403846153846
0 0.7235576923076923 0.37259615384615385 0.14423076923076922 0.12980769230769232
0 0.8245192307692307 0.4014423076923077 0.11658653846153846 0.11658653846153846
0 0.7548076923076923 0.2692307692307692 0.10216346153846154 0.10576923076923077
0 0.41586538461538464 0.5588942307692307 0.15985576923076922 0.17548076923076922