0 0.2932692307692308 0.20432692307692307 0.17427884615384615 0.19230769230769232
0 0.1935096153846154 0.3449519230769231 0.19230769230769232 0.19591346153846154
0 0.1658653846153846 0.5324519230769231 0.1814903846153846 0.18990384615384615
0 0.17908653846153846 0.7103365384615384 0.20192307692307693 0.1875
0 0.3485576923076923 0.8221153846153846 0.19831730769230768 0.19951923076923078
0 0.5564903846153846 0.8677884615384616 0.20192307692307693 0.18990384615384615
0 0.7175480769230769 0.7824519230769231 0.19951923076923078 0.18990384615384615
0 0.84375 0.6310096153846154 0.20552884615384615 0.1875
0 0.8834134615384616 0.43990384615384615 0.1935096153846154 0.1935096153846154
0 0.6370192307692307 0.5997596153846154 0.19591346153846154 0.19591346153846154
0 0.47475961538461536 0.6802884615384616 0.20192307692307693 0.19230769230769232
0 0.33653846153846156 0.5588942307692307 0.18389423076923078 0.18389423076923078
0 0.36538461538461536 0.38341346153846156 0.19951923076923078 0.1778846153846154
0 0.5348557692307693 0.3473557692307692 0.18028846153846154 0.19591346153846154
0 0.6875 0.4326923076923077 0.20432692307692307 0.17548076923076922
0 0.7956730769230769 0.2668269230769231 0.18389423076923078 0.19230769230769232
0 0.6370192307692307 0.17548076923076922 0.18389423076923078 0.20192307692307693
0 0.46274038461538464 0.15985576923076922 0.17548076923076922 0.1935096153846154