0 0.19831730769230768 0.4675480769230769 0.20793269230769232 0.15625
0 0.39302884615384615 0.2764423076923077 0.18629807692307693 0.17548076923076922
0 0.6814903846153846 0.2403846153846154 0.17548076923076922 0.18629807692307693
0 0.8774038461538461 0.18990384615384615 0.18629807692307693 0.16826923076923078
0 0.8161057692307693 0.40024038461538464 0.18389423076923078 0.18028846153846154
0 0.8954326923076923 0.6634615384615384 0.20192307692307693 0.20192307692307693
0 0.7019230769230769 0.8329326923076923 0.19951923076923078 0.17548076923076922
0 0.5048076923076923 0.8365384615384616 0.1814903846153846 0.17548076923076922
0 0.33052884615384615 0.59375 0.1778846153846154 0.17548076923076922
0 0.19951923076923078 0.2824519230769231 0.17427884615384615 0.1778846153846154
0 0.7019230769230769 0.6634615384615384 0.17548076923076922 0.14182692307692307
0 0.5228365384615384 0.6550480769230769 0.16947115384615385 0.171875
0 0.06370192307692307 0.6935096153846154 0.12740384615384615 0.19951923076923078