0 0.2920673076923077 0.3004807692307692 0.1935096153846154 0.2283653846153846
0 0.42908653846153844 0.21754807692307693 0.16826923076923078 0.16346153846153846
0 0.5721153846153846 0.17067307692307693 0.13942307692307693 0.171875
0 0.5625 0.27884615384615385 0.15985576923076922 0.1466346153846154
0 0.7163461538461539 0.33653846153846156 0.16947115384615385 0.1658653846153846
0 0.44471153846153844 0.38221153846153844 0.1935096153846154 0.20072115384615385
0 0.29447115384615385 0.5721153846153846 0.23197115384615385 0.3016826923076923
0 0.49399038461538464 0.6165865384615384 0.21995192307692307 0.3125
0 0.6105769230769231 0.45552884615384615 0.19951923076923078 0.22235576923076922
0 0.7896634615384616 0.5456730769230769 0.19831730769230768 0.2824519230769231
0 0.6899038461538461 0.7019230769230769 0.23197115384615385 0.33653846153846156
0 0.36778846153846156 0.8233173076923077 0.26802884615384615 0.3485576923076923