0 0.5528846153846154 0.84375 0.2403846153846154 0.24639423076923078
0 0.8028846153846154 0.7944711538461539 0.21754807692307693 0.24639423076923078
0 0.2692307692307692 0.9146634615384616 0.24158653846153846 0.1658653846153846
0 0.5853365384615384 0.4699519230769231 0.1814903846153846 0.1814903846153846
0 0.3629807692307692 0.7355769230769231 0.2283653846153846 0.234375
0 0.17548076923076922 0.7163461538461539 0.25 0.2283653846153846
0 0.2247596153846154 0.43149038461538464 0.18990384615384615 0.17548076923076922
0 0.8233173076923077 0.5925480769230769 0.21033653846153846 0.21394230769230768
0 0.6875 0.375 0.17427884615384615 0.18028846153846154
0 0.3954326923076923 0.38341346153846156 0.18629807692307693 0.1778846153846154
0 0.49158653846153844 0.5264423076923077 0.18990384615384615 0.20192307692307693
0 0.4951923076923077 0.27403846153846156 0.1658653846153846 0.15745192307692307
0 0.1971153846153846 0.29447115384615385 0.1778846153846154 0.15384615384615385
0 0.22235576923076922 0.1658653846153846 0.171875 0.13942307692307693
0 0.09975961538461539 0.5420673076923077 0.19951923076923078 0.1935096153846154
0 0.7608173076923077 0.2620192307692308 0.17548076923076922 0.15745192307692307
0 0.9074519230769231 0.21634615384615385 0.171875 0.15625
0 0.8365384615384616 0.06610576923076923 0.15625 0.13221153846153846
0 0.5661057692307693 0.057692307692307696 0.1622596153846154 0.11177884615384616
0 0.34134615384615385 0.10216346153846154 0.16346153846153846 0.14182692307692307
0 0.9314903846153846 0.49759615384615385 0.13341346153846154 0.19230769230769232