0 0.13942307692307693 0.5192307692307693 0.10336538461538461 0.13221153846153846
0 0.27884615384615385 0.5084134615384616 0.11057692307692307 0.13221153846153846
0 0.3737980769230769 0.49399038461538464 0.07091346153846154 0.13341346153846154
0 0.4699519230769231 0.4098557692307692 0.07211538461538461 0.14543269230769232
0 0.4879807692307692 0.5769230769230769 0.0733173076923077 0.15384615384615385
0 0.6009615384615384 0.41947115384615385 0.11778846153846154 0.1502403846153846
0 0.7319711538461539 0.484375 0.10697115384615384 0.13822115384615385
0 0.8173076923076923 0.3269230769230769 0.12139423076923077 0.15144230769230768
0 0.20192307692307693 0.33413461538461536 0.056490384615384616 0.08052884615384616
0 0.3125 0.33052884615384615 0.055288461538461536 0.07451923076923077
0 0.4266826923076923 0.3173076923076923 0.0733173076923077 0.09254807692307693
0 0.5673076923076923 0.3016826923076923 0.06009615384615385 0.078125
0 0.6730769230769231 0.29927884615384615 0.06129807692307692 0.08413461538461539
0 0.40024038461538464 0.14783653846153846 0.057692307692307696 0.07211538461538461
0 0.49278846153846156 0.13221153846153846 0.07211538461538461 0.1045673076923077
0 0.5841346153846154 0.13221153846153846 0.06971153846153846 0.09975961538461539
0 0.6766826923076923 0.12740384615384615 0.07091346153846154 0.1045673076923077
0 0.7800480769230769 0.125 0.09375 0.1201923076923077
0 0.90625 0.13341346153846154 0.10336538461538461 0.13942307692307693
0 0.1778846153846154 0.6959134615384616 0.12379807692307693 0.1502403846153846
0 0.09134615384615384 0.8449519230769231 0.10216346153846154 0.13822115384615385
0 0.23076923076923078 0.8497596153846154 0.09615384615384616 0.12740384615384615
0 0.33052884615384615 0.7091346153846154 0.09254807692307693 0.12379807692307693
0 0.34375 0.8677884615384616 0.06610576923076923 0.08774038461538461
0 0.41947115384615385 0.8629807692307693 0.06610576923076923 0.08653846153846154
0 0.6177884615384616 0.7139423076923077 0.09375 0.11778846153846154
0 0.7175480769230769 0.6442307692307693 0.057692307692307696 0.13221153846153846
0 0.8064903846153846 0.6538461538461539 0.09615384615384616 0.12379807692307693
0 0.9194711538461539 0.6586538461538461 0.0733173076923077 0.11778846153846154
0 0.9326923076923077 0.4963942307692308 0.1310096153846154 0.23197115384615385
0 0.9627403846153846 0.8641826923076923 0.07091346153846154 0.09615384615384616
0 0.8317307692307693 0.8305288461538461 0.11899038461538461 0.16346153846153846
0 0.6971153846153846 0.8461538461538461 0.12259615384615384 0.1622596153846154
0 0.5492788461538461 0.8461538461538461 0.11899038461538461 0.1658653846153846