0 0.18629807692307693 0.5072115384615384 0.10576923076923077 0.10216346153846154
0 0.25841346153846156 0.42427884615384615 0.09975961538461539 0.078125
0 0.3786057692307692 0.30649038461538464 0.09975961538461539 0.08413461538461539
0 0.38221153846153844 0.234375 0.09615384615384616 0.08052884615384616
0 0.5324519230769231 0.2692307692307692 0.14783653846153846 0.11658653846153846
0 0.6850961538461539 0.25240384615384615 0.14543269230769232 0.12620192307692307
0 0.7391826923076923 0.3713942307692308 0.13942307692307693 0.1141826923076923
0 0.4026442307692308 0.39783653846153844 0.17427884615384615 0.18629807692307693
0 0.296875 0.5 0.11658653846153846 0.09254807692307693
0 0.4098557692307692 0.49759615384615385 0.11057692307692307 0.09975961538461539
0 0.5889423076923077 0.5192307692307693 0.1502403846153846 0.12740384615384615
0 0.5324519230769231 0.39663461538461536 0.16947115384615385 0.15384615384615385
0 0.6129807692307693 0.4338942307692308 0.11057692307692307 0.08653846153846154
0 0.6598557692307693 0.4110576923076923 0.12740384615384615 0.11778846153846154
0 0.7536057692307693 0.46875 0.1201923076923077 0.07211538461538461
0 0.8221153846153846 0.5228365384615384 0.13341346153846154 0.1201923076923077
0 0.22956730769230768 0.6598557692307693 0.11778846153846154 0.11177884615384616
0 0.33052884615384615 0.5829326923076923 0.09975961538461539 0.08774038461538461
0 0.44711538461538464 0.5853365384615384 0.14783653846153846 0.15144230769230768
0 0.33774038461538464 0.6598557692307693 0.09975961538461539 0.0985576923076923
0 0.4699519230769231 0.7271634615384616 0.12980769230769232 0.1141826923076923
0 0.6634615384615384 0.6322115384615384 0.10576923076923077 0.08653846153846154
0 0.7235576923076923 0.6862980769230769 0.0985576923076923 0.09014423076923077
0 0.6838942307692307 0.7596153846153846 0.09615384615384616 0.08413461538461539
0 0.7115384615384616 0.8449519230769231 0.09975961538461539 0.09975961538461539