0 0.14543269230769232 0.2764423076923077 0.13822115384615385 0.14543269230769232
0 0.2283653846153846 0.2620192307692308 0.13221153846153846 0.13942307692307693
0 0.47475961538461536 0.23317307692307693 0.13942307692307693 0.14543269230769232
0 0.546875 0.21875 0.14182692307692307 0.13942307692307693
0 0.8064903846153846 0.22956730769230768 0.12740384615384615 0.15144230769230768
0 0.8822115384615384 0.21394230769230768 0.14543269230769232 0.14182692307692307
0 0.18028846153846154 0.5324519230769231 0.2860576923076923 0.3425480769230769
0 0.44471153846153844 0.49399038461538464 0.34615384615384615 0.27403846153846156
0 0.42908653846153844 0.65625 0.33052884615384615 0.22596153846153846
0 0.7271634615384616 0.47596153846153844 0.23557692307692307 0.2536057692307692
0 0.7596153846153846 0.6574519230769231 0.3076923076923077 0.2620192307692308