0 0.17548076923076922 0.47596153846153844 0.1502403846153846 0.23677884615384615
0 0.3701923076923077 0.33533653846153844 0.14783653846153846 0.2283653846153846
0 0.3798076923076923 0.453125 0.1466346153846154 0.203125
0 0.5877403846153846 0.19591346153846154 0.13822115384615385 0.19591346153846154
0 0.7620192307692307 0.3786057692307692 0.12379807692307693 0.2439903846153846
0 0.8257211538461539 0.5709134615384616 0.1502403846153846 0.2283653846153846
0 0.6850961538461539 0.4987980769230769 0.13221153846153846 0.2091346153846154
0 0.65625 0.40865384615384615 0.15264423076923078 0.21875
0 0.5540865384615384 0.5108173076923077 0.1466346153846154 0.21514423076923078
0 0.4963942307692308 0.359375 0.13581730769230768 0.20552884615384615
0 0.6274038461538461 0.328125 0.12379807692307693 0.16466346153846154
0 0.3737980769230769 0.6850961538461539 0.15264423076923078 0.265625
0 0.5612980769230769 0.75 0.17067307692307693 0.2403846153846154
0 0.49759615384615385 0.6057692307692307 0.1466346153846154 0.21514423076923078