0 0.09495192307692307 0.5745192307692307 0.11899038461538461 0.14783653846153846
0 0.12860576923076922 0.7512019230769231 0.078125 0.10576923076923077
0 0.3329326923076923 0.8665865384615384 0.08052884615384616 0.11057692307692307
0 0.5084134615384616 0.7367788461538461 0.05048076923076923 0.10216346153846154
0 0.4651442307692308 0.6141826923076923 0.07451923076923077 0.0985576923076923
0 0.6598557692307693 0.6274038461538461 0.07932692307692307 0.09254807692307693
0 0.8990384615384616 0.7247596153846154 0.05889423076923077 0.08413461538461539
0 0.7427884615384616 0.15144230769230768 0.06129807692307692 0.07451923076923077
0 0.32572115384615385 0.7055288461538461 0.078125 0.10576923076923077
0 0.4110576923076923 0.8533653846153846 0.078125 0.10576923076923077
0 0.4807692307692308 0.8641826923076923 0.06009615384615385 0.08413461538461539
0 0.6009615384615384 0.8004807692307693 0.0625 0.08173076923076923
0 0.6742788461538461 0.7788461538461539 0.06009615384615385 0.08052884615384616
0 0.7716346153846154 0.6754807692307693 0.07091346153846154 0.0985576923076923