0 0.056490384615384616 0.4723557692307692 0.10817307692307693 0.1201923076923077
0 0.14182692307692307 0.3016826923076923 0.1045673076923077 0.10576923076923077
0 0.2608173076923077 0.20192307692307693 0.10216346153846154 0.10216346153846154
0 0.43149038461538464 0.14903846153846154 0.11057692307692307 0.10216346153846154
0 0.5444711538461539 0.14903846153846154 0.1201923076923077 0.10216346153846154
0 0.36538461538461536 0.22956730769230768 0.11057692307692307 0.09375
0 0.24759615384615385 0.29447115384615385 0.12259615384615384 0.11057692307692307
0 0.14903846153846154 0.4098557692307692 0.10576923076923077 0.11057692307692307
0 0.14182692307692307 0.5072115384615384 0.12379807692307693 0.09254807692307693
0 0.2644230769230769 0.4423076923076923 0.1201923076923077 0.11177884615384616
0 0.3425480769230769 0.3245192307692308 0.11057692307692307 0.09615384615384616
0 0.4675480769230769 0.2800480769230769 0.1045673076923077 0.09375
0 0.5276442307692307 0.2247596153846154 0.10817307692307693 0.09375
0 0.6225961538461539 0.2692307692307692 0.10817307692307693 0.09014423076923077
0 0.640625 0.35096153846153844 0.11057692307692307 0.10576923076923077
0 0.4855769230769231 0.44350961538461536 0.11177884615384616 0.1045673076923077
0 0.4110576923076923 0.3894230769230769 0.11177884615384616 0.09014423076923077
0 0.26802884615384615 0.6778846153846154 0.1201923076923077 0.12620192307692307
0 0.36658653846153844 0.6069711538461539 0.12620192307692307 0.10817307692307693
0 0.41225961538461536 0.7115384615384616 0.12620192307692307 0.11778846153846154
0 0.5360576923076923 0.6935096153846154 0.11658653846153846 0.14182692307692307
0 0.6490384615384616 0.7199519230769231 0.12259615384615384 0.12259615384615384
0 0.7680288461538461 0.7824519230769231 0.12379807692307693 0.12259615384615384
0 0.8894230769230769 0.7403846153846154 0.12980769230769232 0.13221153846153846
0 0.8858173076923077 0.5793269230769231 0.12259615384615384 0.12740384615384615
0 0.7379807692307693 0.6574519230769231 0.12379807692307693 0.13221153846153846
0 0.5600961538461539 0.5408653846153846 0.11658653846153846 0.10216346153846154
0 0.6274038461538461 0.5865384615384616 0.12259615384615384 0.11778846153846154
0 0.796875 0.4723557692307692 0.13581730769230768 0.11658653846153846
0 0.765625 0.3125 0.12379807692307693 0.1141826923076923