0 0.09975961538461539 0.2620192307692308 0.11177884615384616 0.1935096153846154
0 0.22355769230769232 0.2608173076923077 0.1201923076923077 0.21634615384615385
0 0.3581730769230769 0.26322115384615385 0.1346153846153846 0.21995192307692307
0 0.5036057692307693 0.25721153846153844 0.14783653846153846 0.2439903846153846
0 0.6802884615384616 0.24759615384615385 0.1466346153846154 0.2620192307692308
0 0.8846153846153846 0.19951923076923078 0.16826923076923078 0.2644230769230769
0 0.8149038461538461 0.43028846153846156 0.171875 0.25240384615384615
0 0.6021634615384616 0.45552884615384615 0.10576923076923077 0.17548076923076922
0 0.4206730769230769 0.4543269230769231 0.109375 0.1622596153846154
0 0.14182692307692307 0.5096153846153846 0.17548076923076922 0.25841346153846156
0 0.14783653846153846 0.7836538461538461 0.171875 0.2824519230769231
0 0.33533653846153844 0.6454326923076923 0.15985576923076922 0.25961538461538464
0 0.40865384615384615 0.8569711538461539 0.11298076923076923 0.17548076923076922
0 0.5132211538461539 0.6550480769230769 0.14182692307692307 0.2439903846153846
0 0.6610576923076923 0.6658653846153846 0.13221153846153846 0.23798076923076922
0 0.7920673076923077 0.6658653846153846 0.12259615384615384 0.20192307692307693
0 0.9134615384615384 0.6778846153846154 0.10817307692307693 0.1875
0 0.5973557692307693 0.8569711538461539 0.109375 0.18389423076923078
0 0.7740384615384616 0.8617788461538461 0.11298076923076923 0.1658653846153846