0 0.5 0.33653846153846156 0.24759615384615385 0.25841346153846156
0 0.5120192307692307 0.4423076923076923 0.28846153846153844 0.20793269230769232
0 0.2860576923076923 0.375 0.5396634615384616 0.4807692307692308
0 0.18389423076923078 0.2776442307692308 0.3317307692307692 0.3762019230769231
0 0.7512019230769231 0.5072115384615384 0.07692307692307693 0.16466346153846154
0 0.5228365384615384 0.7403846153846154 0.036057692307692304 0.13221153846153846
0 0.4699519230769231 0.7728365384615384 0.05889423076923077 0.10336538461538461
0 0.5144230769230769 0.8461538461538461 0.057692307692307696 0.10697115384615384
0 0.5757211538461539 0.7848557692307693 0.057692307692307696 0.12139423076923077
0 0.5612980769230769 0.6502403846153846 0.05889423076923077 0.07932692307692307
0 0.19471153846153846 0.5540865384615384 0.21033653846153846 0.18990384615384615
0 0.6153846153846154 0.14182692307692307 0.11778846153846154 0.13221153846153846
0 0.49278846153846156 0.109375 0.25240384615384615 0.21875
0 0.1814903846153846 0.11658653846153846 0.2536057692307692 0.23317307692307693
0 0.9350961538461539 0.5901442307692307 0.07572115384615384 0.1935096153846154