0 0.35216346153846156 0.5036057692307693 0.1466346153846154 0.5829326923076923
0 0.48197115384615385 0.5384615384615384 0.11177884615384616 0.27524038461538464
0 0.4266826923076923 0.7211538461538461 0.08653846153846154 0.18990384615384615
0 0.5036057692307693 0.7524038461538461 0.07211538461538461 0.14302884615384615
0 0.5925480769230769 0.6213942307692307 0.08774038461538461 0.22716346153846154
0 0.5805288461538461 0.7139423076923077 0.07451923076923077 0.15745192307692307
0 0.6586538461538461 0.6081730769230769 0.06370192307692307 0.30288461538461536
0 0.7151442307692307 0.6538461538461539 0.06490384615384616 0.3004807692307692
0 0.6862980769230769 0.8016826923076923 0.10697115384615384 0.11778846153846154
0 0.6153846153846154 0.8293269230769231 0.18389423076923078 0.11298076923076923
0 0.5288461538461539 0.8617788461538461 0.14302884615384615 0.10697115384615384
0 0.39783653846153844 0.8822115384615384 0.07451923076923077 0.16706730769230768
0 0.3798076923076923 0.8028846153846154 0.18389423076923078 0.1346153846153846