0 0.1502403846153846 0.2956730769230769 0.09615384615384616 0.21754807692307693
0 0.26322115384615385 0.28725961538461536 0.12379807692307693 0.22355769230769232
0 0.37740384615384615 0.27163461538461536 0.11057692307692307 0.22596153846153846
0 0.49038461538461536 0.25721153846153844 0.09975961538461539 0.2283653846153846
0 0.6033653846153846 0.25841346153846156 0.09375 0.2956730769230769
0 0.7391826923076923 0.24639423076923078 0.12379807692307693 0.3004807692307692
0 0.8665865384615384 0.24158653846153846 0.12980769230769232 0.3004807692307692
0 0.15144230769230768 0.5180288461538461 0.12259615384615384 0.21634615384615385
0 0.2764423076923077 0.515625 0.1201923076923077 0.21995192307692307
0 0.4387019230769231 0.5144230769230769 0.12620192307692307 0.21995192307692307
0 0.5817307692307693 0.5204326923076923 0.1045673076923077 0.21394230769230768
0 0.7007211538461539 0.5144230769230769 0.10817307692307693 0.21033653846153846
0 0.8161057692307693 0.5084134615384616 0.11057692307692307 0.20793269230769232
0 0.125 0.7235576923076923 0.1141826923076923 0.15625
0 0.24158653846153846 0.7295673076923077 0.10817307692307693 0.14423076923076922
0 0.3641826923076923 0.7283653846153846 0.1141826923076923 0.15625
0 0.4651442307692308 0.7271634615384616 0.08774038461538461 0.13581730769230768
0 0.5673076923076923 0.7307692307692307 0.09254807692307693 0.12980769230769232
0 0.6574519230769231 0.7247596153846154 0.0985576923076923 0.13221153846153846
0 0.765625 0.7175480769230769 0.09375 0.13942307692307693
0 0.8641826923076923 0.7175480769230769 0.09254807692307693 0.14423076923076922
0 0.12620192307692307 0.9002403846153846 0.08653846153846154 0.09975961538461539
0 0.21033653846153846 0.8954326923076923 0.06971153846153846 0.09975961538461539
0 0.2776442307692308 0.8930288461538461 0.08413461538461539 0.1045673076923077
0 0.36658653846153844 0.8978365384615384 0.08173076923076923 0.10576923076923077
0 0.44350961538461536 0.9014423076923077 0.06850961538461539 0.0985576923076923
0 0.5144230769230769 0.8954326923076923 0.06009615384615385 0.06370192307692307
0 0.5913461538461539 0.8990384615384616 0.06850961538461539 0.08173076923076923
0 0.6634615384615384 0.8834134615384616 0.06009615384615385 0.08413461538461539
0 0.7307692307692307 0.8798076923076923 0.07451923076923077 0.0985576923076923
0 0.8485576923076923 0.8858173076923077 0.11778846153846154 0.13221153846153846