0 0.0985576923076923 0.6995192307692307 0.12259615384615384 0.4723557692307692
0 0.17067307692307693 0.5228365384615384 0.12139423076923077 0.59375
0 0.29086538461538464 0.7427884615384616 0.11057692307692307 0.33052884615384615
0 0.3317307692307692 0.4170673076923077 0.12620192307692307 0.6694711538461539
0 0.4675480769230769 0.8100961538461539 0.11177884615384616 0.2704326923076923
0 0.46875 0.49759615384615385 0.12740384615384615 0.6586538461538461
0 0.5865384615384616 0.44711538461538464 0.1045673076923077 0.5829326923076923
0 0.6706730769230769 0.5588942307692307 0.1346153846153846 0.5456730769230769
0 0.7475961538461539 0.8173076923076923 0.2403846153846154 0.24639423076923078
0 0.9086538461538461 0.6394230769230769 0.12740384615384615 0.4098557692307692
0 0.796875 0.45072115384615385 0.11057692307692307 0.59375