0 0.14302884615384615 0.3641826923076923 0.14302884615384615 0.46634615384615385
0 0.13701923076923078 0.7487980769230769 0.12139423076923077 0.2620192307692308
0 0.28846153846153844 0.5384615384615384 0.12860576923076922 0.28966346153846156
0 0.39903846153846156 0.5757211538461539 0.0985576923076923 0.2956730769230769
0 0.359375 0.8305288461538461 0.13221153846153846 0.22235576923076922
0 0.5048076923076923 0.7704326923076923 0.09615384615384616 0.14543269230769232
0 0.5 0.4014423076923077 0.11658653846153846 0.5456730769230769
0 0.6225961538461539 0.7896634615384616 0.09735576923076923 0.2439903846153846
0 0.7223557692307693 0.5168269230769231 0.18990384615384615 0.37259615384615385
0 0.78125 0.7716346153846154 0.13701923076923078 0.3605769230769231
0 0.9146634615384616 0.6766826923076923 0.12740384615384615 0.3317307692307692
0 0.9134615384615384 0.375 0.13822115384615385 0.21394230769230768