0 0.17668269230769232 0.47716346153846156 0.30649038461538464 0.3269230769230769
0 0.5096153846153846 0.2403846153846154 0.546875 0.11778846153846154
0 0.5072115384615384 0.109375 0.48677884615384615 0.15504807692307693
0 0.5204326923076923 0.359375 0.3737980769230769 0.13581730769230768
0 0.8305288461538461 0.4230769230769231 0.22716346153846154 0.2548076923076923
0 0.7403846153846154 0.6634615384615384 0.15985576923076922 0.21875
0 0.5 0.47716346153846156 0.3329326923076923 0.09975961538461539
0 0.22956730769230768 0.6814903846153846 0.13942307692307693 0.2548076923076923
0 0.3701923076923077 0.7139423076923077 0.08653846153846154 0.17307692307692307
0 0.5072115384615384 0.7271634615384616 0.052884615384615384 0.1814903846153846
0 0.6105769230769231 0.7043269230769231 0.0733173076923077 0.16346153846153846