0 0.21995192307692307 0.36899038461538464 0.16466346153846154 0.23677884615384615
0 0.22716346153846154 0.11177884615384616 0.14182692307692307 0.22355769230769232
0 0.3449519230769231 0.0829326923076923 0.12139423076923077 0.1658653846153846
0 0.6370192307692307 0.09134615384615384 0.22115384615384615 0.18269230769230768
0 0.6057692307692307 0.3473557692307692 0.18269230769230768 0.25721153846153844
0 0.8990384615384616 0.36177884615384615 0.19831730769230768 0.19471153846153846
0 0.36658653846153844 0.5372596153846154 0.11177884615384616 0.17067307692307693
0 0.6466346153846154 0.6334134615384616 0.22956730769230768 0.19471153846153846
0 0.921875 0.7019230769230769 0.15264423076923078 0.30649038461538464
0 0.4807692307692308 0.9387019230769231 0.20793269230769232 0.11778846153846154
0 0.16706730769230768 0.8004807692307693 0.17307692307692307 0.15985576923076922