0 0.18990384615384615 0.6550480769230769 0.25600961538461536 0.3581730769230769
0 0.859375 0.7992788461538461 0.09615384615384616 0.21995192307692307
0 0.8834134615384616 0.5024038461538461 0.12139423076923077 0.32572115384615385
0 0.7451923076923077 0.16466346153846154 0.12980769230769232 0.3293269230769231
0 0.5600961538461539 0.1814903846153846 0.21033653846153846 0.34975961538461536
0 0.35697115384615385 0.20432692307692307 0.15865384615384615 0.19591346153846154
0 0.5625 0.5324519230769231 0.1502403846153846 0.3161057692307692
0 0.6947115384615384 0.8185096153846154 0.0889423076923077 0.171875
0 0.6658653846153846 0.8076923076923077 0.20432692307692307 0.34375
0 0.4675480769230769 0.6550480769230769 0.140625 0.5637019230769231
0 0.22596153846153846 0.7560096153846154 0.125 0.21153846153846154
0 0.21995192307692307 0.5144230769230769 0.2980769230769231 0.2980769230769231
0 0.25 0.41346153846153844 0.2764423076923077 0.2764423076923077