0 0.08413461538461539 0.5829326923076923 0.07451923076923077 0.25
0 0.171875 0.5504807692307693 0.06490384615384616 0.3329326923076923
0 0.23798076923076922 0.5600961538461539 0.06490384615384616 0.33533653846153844
0 0.30288461538461536 0.5697115384615384 0.0733173076923077 0.34134615384615385
0 0.39783653846153844 0.42427884615384615 0.11177884615384616 0.6442307692307693
0 0.5012019230769231 0.4338942307692308 0.10817307692307693 0.6502403846153846
0 0.5913461538461539 0.6586538461538461 0.039663461538461536 0.2439903846153846
0 0.6310096153846154 0.6622596153846154 0.042067307692307696 0.25
0 0.6706730769230769 0.6670673076923077 0.037259615384615384 0.23918269230769232
0 0.8365384615384616 0.59375 0.07692307692307693 0.28365384615384615
0 0.8882211538461539 0.5913461538461539 0.03485576923076923 0.34134615384615385
0 0.9266826923076923 0.6778846153846154 0.042067307692307696 0.21634615384615385