0 0.14302884615384615 0.4699519230769231 0.13341346153846154 0.2536057692307692
0 0.3245192307692308 0.5336538461538461 0.11778846153846154 0.21394230769230768
0 0.29086538461538464 0.4182692307692308 0.11177884615384616 0.23197115384615385
0 0.4254807692307692 0.39663461538461536 0.10576923076923077 0.23798076923076922
0 0.39783653846153844 0.625 0.07211538461538461 0.14182692307692307
0 0.42908653846153844 0.7283653846153846 0.15625 0.10576923076923077
0 0.5492788461538461 0.625 0.07451923076923077 0.1502403846153846
0 0.4951923076923077 0.5072115384615384 0.09615384615384616 0.21995192307692307
0 0.6682692307692307 0.5504807692307693 0.11057692307692307 0.21754807692307693
0 0.5817307692307693 0.40384615384615385 0.09375 0.24158653846153846
0 0.7151442307692307 0.44350961538461536 0.11177884615384616 0.25
0 0.8449519230769231 0.5192307692307693 0.13942307692307693 0.25961538461538464