0 0.34615384615384615 0.34975961538461536 0.09975961538461539 0.14182692307692307
0 0.44350961538461536 0.39903846153846156 0.08653846153846154 0.15865384615384615
0 0.4495192307692308 0.27884615384615385 0.12379807692307693 0.06009615384615385
0 0.59375 0.3112980769230769 0.11057692307692307 0.10817307692307693
0 0.7151442307692307 0.2668269230769231 0.09014423076923077 0.14543269230769232
0 0.6057692307692307 0.25 0.09014423076923077 0.14423076923076922
0 0.4699519230769231 0.12139423076923077 0.09254807692307693 0.15264423076923078
0 0.5132211538461539 0.4879807692307692 0.125 0.04807692307692308
0 0.5480769230769231 0.5733173076923077 0.11057692307692307 0.12139423076923077
0 0.6971153846153846 0.5685096153846154 0.04807692307692308 0.16826923076923078
0 0.6550480769230769 0.4026442307692308 0.1045673076923077 0.11899038461538461
0 0.6069711538461539 0.47836538461538464 0.1045673076923077 0.125