0 0.15865384615384615 0.47115384615384615 0.3004807692307692 0.45913461538461536
0 0.24519230769230768 0.5300480769230769 0.3112980769230769 0.44711538461538464
0 0.1622596153846154 0.13221153846153846 0.09014423076923077 0.23557692307692307
0 0.28365384615384615 0.15745192307692307 0.07572115384615384 0.19831730769230768
0 0.40865384615384615 0.17307692307692307 0.07572115384615384 0.19230769230769232
0 0.49759615384615385 0.16947115384615385 0.07572115384615384 0.19471153846153846
0 0.5853365384615384 0.17427884615384615 0.0829326923076923 0.19471153846153846
0 0.6838942307692307 0.18509615384615385 0.07572115384615384 0.19831730769230768
0 0.7836538461538461 0.18509615384615385 0.08173076923076923 0.19831730769230768
0 0.9050480769230769 0.17307692307692307 0.10216346153846154 0.22956730769230768
0 0.8774038461538461 0.3557692307692308 0.17307692307692307 0.15384615384615385
0 0.6117788461538461 0.3557692307692308 0.3233173076923077 0.11298076923076923
0 0.5973557692307693 0.46875 0.328125 0.11899038461538461
0 0.43509615384615385 0.5661057692307693 0.06850961538461539 0.11899038461538461
0 0.5612980769230769 0.6009615384615384 0.0673076923076923 0.11298076923076923
0 0.71875 0.5853365384615384 0.07692307692307693 0.11298076923076923
0 0.6899038461538461 0.7055288461538461 0.04807692307692308 0.09735576923076923
0 0.6105769230769231 0.6947115384615384 0.042067307692307696 0.09375
0 0.546875 0.6983173076923077 0.04326923076923077 0.09134615384615384
0 0.4855769230769231 0.7151442307692307 0.04807692307692308 0.08774038461538461
0 0.39302884615384615 0.6887019230769231 0.042067307692307696 0.09735576923076923
0 0.234375 0.8774038461538461 0.03365384615384615 0.22355769230769232
0 0.29447115384615385 0.8762019230769231 0.020432692307692308 0.21394230769230768
0 0.3389423076923077 0.8822115384615384 0.027644230769230768 0.21394230769230768
0 0.40865384615384615 0.9134615384615384 0.06009615384615385 0.09134615384615384
0 0.4639423076923077 0.9014423076923077 0.03125 0.12259615384615384
0 0.6887019230769231 0.9074519230769231 0.028846153846153848 0.09735576923076923
0 0.7259615384615384 0.90625 0.036057692307692304 0.10336538461538461
0 0.8762019230769231 0.703125 0.06490384615384616 0.5096153846153846
0 0.9435096153846154 0.7091346153846154 0.07572115384615384 0.4963942307692308