0 0.06610576923076923 0.484375 0.07211538461538461 0.078125
0 0.203125 0.5649038461538461 0.06971153846153846 0.078125
0 0.33413461538461536 0.6322115384615384 0.078125 0.08413461538461539
0 0.6394230769230769 0.6394230769230769 0.11057692307692307 0.12379807692307693
0 0.7644230769230769 0.5348557692307693 0.1045673076923077 0.11658653846153846
0 0.5949519230769231 0.5492788461538461 0.09254807692307693 0.11658653846153846
0 0.46274038461538464 0.5108173076923077 0.09615384615384616 0.08173076923076923
0 0.5745192307692307 0.39302884615384615 0.13341346153846154 0.13942307692307693
0 0.8581730769230769 0.40865384615384615 0.1045673076923077 0.10817307692307693
0 0.7992788461538461 0.29927884615384615 0.11057692307692307 0.11177884615384616
0 0.6935096153846154 0.22355769230769232 0.1201923076923077 0.2403846153846154
0 0.5733173076923077 0.1658653846153846 0.12259615384615384 0.23557692307692307
0 0.45072115384615385 0.12259615384615384 0.11778846153846154 0.22956730769230768
0 0.3269230769230769 0.28365384615384615 0.12379807692307693 0.13221153846153846
0 0.4519230769230769 0.3329326923076923 0.11658653846153846 0.14423076923076922
0 0.1875 0.3894230769230769 0.08653846153846154 0.08413461538461539
0 0.3317307692307692 0.4423076923076923 0.08774038461538461 0.08173076923076923
0 0.7019230769230769 0.4326923076923077 0.0985576923076923 0.11057692307692307