0 0.07091346153846154 0.39903846153846156 0.13221153846153846 0.25600961538461536
0 0.3112980769230769 0.6862980769230769 0.1658653846153846 0.36778846153846156
0 0.09975961538461539 0.71875 0.14423076923076922 0.19951923076923078
0 0.6069711538461539 0.9026442307692307 0.19831730769230768 0.18990384615384615
0 0.859375 0.7271634615384616 0.16947115384615385 0.34375
0 0.22235576923076922 0.13701923076923078 0.31850961538461536 0.2127403846153846
0 0.6165865384615384 0.6105769230769231 0.14783653846153846 0.328125
0 0.3161057692307692 0.28846153846153844 0.20552884615384615 0.22115384615384615
0 0.6514423076923077 0.3545673076923077 0.22956730769230768 0.15985576923076922
0 0.8665865384615384 0.42788461538461536 0.1622596153846154 0.17067307692307693
0 0.8149038461538461 0.21875 0.12620192307692307 0.23197115384615385
0 0.5865384615384616 0.12980769230769232 0.20793269230769232 0.25841346153846156