0 0.25721153846153844 0.3798076923076923 0.14543269230769232 0.22596153846153846
0 0.4254807692307692 0.30288461538461536 0.16947115384615385 0.23197115384615385
0 0.6117788461538461 0.18509615384615385 0.24639423076923078 0.30649038461538464
0 0.8064903846153846 0.5709134615384616 0.32211538461538464 0.4519230769230769
0 0.6514423076923077 0.6225961538461539 0.24759615384615385 0.41586538461538464
0 0.5372596153846154 0.6358173076923077 0.14182692307692307 0.20432692307692307
0 0.42908653846153844 0.5745192307692307 0.14423076923076922 0.20432692307692307
0 0.33653846153846156 0.5745192307692307 0.11658653846153846 0.13221153846153846
0 0.3449519230769231 0.7644230769230769 0.08413461538461539 0.11658653846153846
0 0.46875 0.8305288461538461 0.07211538461538461 0.1045673076923077
0 0.5444711538461539 0.8088942307692307 0.11658653846153846 0.14182692307692307
0 0.24639423076923078 0.6875 0.06370192307692307 0.11057692307692307
0 0.17668269230769232 0.5637019230769231 0.054086538461538464 0.07572115384615384