0 0.1935096153846154 0.40024038461538464 0.13822115384615385 0.4266826923076923
0 0.32211538461538464 0.5685096153846154 0.10576923076923077 0.28125
0 0.41466346153846156 0.6009615384615384 0.08413461538461539 0.28125
0 0.4987980769230769 0.43509615384615385 0.09975961538461539 0.5120192307692307
0 0.6935096153846154 0.5456730769230769 0.1658653846153846 0.3449519230769231
0 0.8557692307692307 0.4098557692307692 0.12379807692307693 0.21875
0 0.19110576923076922 0.765625 0.11177884615384616 0.25721153846153844
0 0.3798076923076923 0.8401442307692307 0.10817307692307693 0.21875
0 0.5036057692307693 0.7860576923076923 0.08052884615384616 0.14302884615384615
0 0.6045673076923077 0.8040865384615384 0.09014423076923077 0.2283653846153846
0 0.7439903846153846 0.7908653846153846 0.1201923076923077 0.359375
0 0.8569711538461539 0.7007211538461539 0.11177884615384616 0.31850961538461536