0 0.12620192307692307 0.6310096153846154 0.10216346153846154 0.18990384615384615
0 0.17668269230769232 0.5480769230769231 0.10096153846153846 0.17427884615384615
0 0.265625 0.38461538461538464 0.10096153846153846 0.3605769230769231
0 0.37259615384615385 0.29927884615384615 0.07932692307692307 0.421875
0 0.4639423076923077 0.2692307692307692 0.07932692307692307 0.3942307692307692
0 0.39302884615384615 0.515625 0.2860576923076923 0.17548076923076922
0 0.38100961538461536 0.5637019230769231 0.25721153846153844 0.19951923076923078
0 0.5769230769230769 0.4735576923076923 0.20192307692307693 0.1814903846153846
0 0.45072115384615385 0.5841346153846154 0.06370192307692307 0.07211538461538461
0 0.6850961538461539 0.49399038461538464 0.13221153846153846 0.13942307692307693
0 0.7920673076923077 0.5324519230769231 0.10096153846153846 0.12980769230769232
0 0.7439903846153846 0.7163461538461539 0.1141826923076923 0.12379807692307693
0 0.8100961538461539 0.78125 0.08413461538461539 0.13341346153846154
0 0.7103365384615384 0.6394230769230769 0.0985576923076923 0.14182692307692307
0 0.24879807692307693 0.9387019230769231 0.055288461538461536 0.06610576923076923
0 0.19110576923076922 0.8978365384615384 0.051682692307692304 0.04567307692307692
0 0.1502403846153846 0.875 0.052884615384615384 0.04807692307692308
0 0.1466346153846154 0.8365384615384616 0.08413461538461539 0.07451923076923077
0 0.13701923076923078 0.8064903846153846 0.06370192307692307 0.054086538461538464
0 0.1045673076923077 0.7644230769230769 0.06490384615384616 0.04567307692307692
0 0.2644230769230769 0.6935096153846154 0.16346153846153846 0.14182692307692307
0 0.23677884615384615 0.7944711538461539 0.11298076923076923 0.12980769230769232
0 0.29447115384615385 0.8341346153846154 0.11538461538461539 0.1201923076923077
0 0.3581730769230769 0.7355769230769231 0.046875 0.07572115384615384
0 0.5480769230769231 0.5913461538461539 0.09735576923076923 0.11177884615384616