0 0.17668269230769232 0.44711538461538464 0.10817307692307693 0.25240384615384615
0 0.265625 0.5588942307692307 0.09014423076923077 0.24879807692307693
0 0.28725961538461536 0.8305288461538461 0.1875 0.2764423076923077
0 0.5144230769230769 0.8413461538461539 0.1045673076923077 0.18269230769230768
0 0.6646634615384616 0.8401442307692307 0.14182692307692307 0.2403846153846154
0 0.7175480769230769 0.5973557692307693 0.10096153846153846 0.25841346153846156
0 0.8028846153846154 0.4543269230769231 0.09735576923076923 0.23197115384615385
0 0.46274038461538464 0.6081730769230769 0.11177884615384616 0.29447115384615385
0 0.5733173076923077 0.47596153846153844 0.10096153846153846 0.2247596153846154
0 0.6610576923076923 0.3112980769230769 0.10216346153846154 0.234375
0 0.7668269230769231 0.17668269230769232 0.11057692307692307 0.24879807692307693
0 0.578125 0.15745192307692307 0.109375 0.2403846153846154
0 0.47836538461538464 0.296875 0.09134615384615384 0.23197115384615385
0 0.38341346153846156 0.4579326923076923 0.07692307692307693 0.23677884615384615
0 0.30649038461538464 0.2800480769230769 0.08413461538461539 0.24278846153846154
0 0.2247596153846154 0.13581730769230768 0.10817307692307693 0.25240384615384615
0 0.4182692307692308 0.14182692307692307 0.109375 0.2403846153846154