0 0.1814903846153846 0.46875 0.13341346153846154 0.24639423076923078
0 0.33774038461538464 0.46875 0.13221153846153846 0.24639423076923078
0 0.4963942307692308 0.46153846153846156 0.12980769230769232 0.24639423076923078
0 0.65625 0.46153846153846156 0.12620192307692307 0.25240384615384615
0 0.8245192307692307 0.47115384615384615 0.13822115384615385 0.2536057692307692
0 0.5084134615384616 0.23557692307692307 0.8257211538461539 0.08774038461538461
0 0.5168269230769231 0.08533653846153846 0.8161057692307693 0.08653846153846154
0 0.11658653846153846 0.7836538461538461 0.13581730769230768 0.23557692307692307
0 0.12980769230769232 0.375 0.1502403846153846 0.23076923076923078
0 0.9014423076923077 0.5769230769230769 0.1502403846153846 0.1971153846153846
0 0.8990384615384616 0.7920673076923077 0.13822115384615385 0.25721153846153844
0 0.6334134615384616 0.7944711538461539 0.1502403846153846 0.2692307692307692
0 0.375 0.7932692307692307 0.14543269230769232 0.265625