0 0.22115384615384615 0.5997596153846154 0.09975961538461539 0.4723557692307692
0 0.4182692307692308 0.6201923076923077 0.07692307692307693 0.5276442307692307
0 0.5564903846153846 0.6225961538461539 0.09254807692307693 0.6009615384615384
0 0.7211538461538461 0.6069711538461539 0.08653846153846154 0.6826923076923077
0 0.8882211538461539 0.5949519230769231 0.12259615384615384 0.6971153846153846
0 0.6153846153846154 0.21634615384615385 0.1658653846153846 0.057692307692307696
0 0.3317307692307692 0.26322115384615385 0.2512019230769231 0.16947115384615385
0 0.125 0.2091346153846154 0.11778846153846154 0.055288461538461536
0 0.21875 0.10576923076923077 0.2283653846153846 0.1045673076923077
0 0.5060096153846154 0.07932692307692307 0.30288461538461536 0.10697115384615384
0 0.7584134615384616 0.10817307692307693 0.17908653846153846 0.0829326923076923