0 0.38341346153846156 0.359375 0.20552884615384615 0.1201923076923077
0 0.38341346153846156 0.43509615384615385 0.06370192307692307 0.16947115384615385
0 0.3329326923076923 0.5504807692307693 0.16346153846153846 0.10576923076923077
0 0.38341346153846156 0.5588942307692307 0.11778846153846154 0.11778846153846154
0 0.4375 0.6334134615384616 0.11778846153846154 0.12740384615384615
0 0.6334134615384616 0.28966346153846156 0.12740384615384615 0.10576923076923077
0 0.5685096153846154 0.2692307692307692 0.17427884615384615 0.13341346153846154
0 0.7271634615384616 0.5492788461538461 0.06610576923076923 0.14543269230769232
0 0.6814903846153846 0.5276442307692307 0.078125 0.13822115384615385
0 0.47836538461538464 0.7223557692307693 0.15384615384615385 0.07572115384615384
0 0.5552884615384616 0.7115384615384616 0.14423076923076922 0.08653846153846154
0 0.4855769230769231 0.5144230769230769 0.11658653846153846 0.12379807692307693