0 0.5396634615384616 0.2668269230769231 0.8149038461538461 0.484375
0 0.5108173076923077 0.46634615384615385 0.9735576923076923 0.5324519230769231
0 0.6850961538461539 0.6009615384615384 0.14543269230769232 0.37740384615384615
0 0.5408653846153846 0.6165865384615384 0.10576923076923077 0.2668269230769231
0 0.09134615384615384 0.6526442307692307 0.15865384615384615 0.5793269230769231
0 0.30288461538461536 0.6670673076923077 0.10697115384615384 0.3545673076923077
0 0.41225961538461536 0.6947115384615384 0.13221153846153846 0.23317307692307693
0 0.1814903846153846 0.6995192307692307 0.18629807692307693 0.5961538461538461
0 0.7980769230769231 0.8028846153846154 0.16105769230769232 0.29086538461538464
0 0.4675480769230769 0.8353365384615384 0.22355769230769232 0.08653846153846154
0 0.6454326923076923 0.8810096153846154 0.12860576923076922 0.21995192307692307
0 0.453125 0.9158653846153846 0.25600961538461536 0.14182692307692307