0 0.21033653846153846 0.3016826923076923 0.31850961538461536 0.17668269230769232
0 0.27884615384615385 0.18990384615384615 0.0985576923076923 0.12259615384615384
0 0.3870192307692308 0.15144230769230768 0.06610576923076923 0.25721153846153844
0 0.5192307692307693 0.11899038461538461 0.13581730769230768 0.23197115384615385
0 0.6165865384615384 0.22115384615384615 0.17427884615384615 0.22596153846153846
0 0.7295673076923077 0.3125 0.2704326923076923 0.15985576923076922
0 0.8173076923076923 0.453125 0.36177884615384615 0.28846153846153844
0 0.6634615384615384 0.6490384615384616 0.1875 0.2548076923076923
0 0.5985576923076923 0.8317307692307693 0.21754807692307693 0.3317307692307692
0 0.3545673076923077 0.7560096153846154 0.36177884615384615 0.4026442307692308
0 0.45552884615384615 0.4362980769230769 0.234375 0.35697115384615385
0 0.15504807692307693 0.5204326923076923 0.26802884615384615 0.10817307692307693