0 0.13822115384615385 0.13581730769230768 0.15384615384615385 0.13581730769230768
0 0.29086538461538464 0.15745192307692307 0.15625 0.14903846153846154
0 0.4483173076923077 0.7704326923076923 0.04807692307692308 0.08052884615384616
0 0.39903846153846156 0.7608173076923077 0.051682692307692304 0.07451923076923077
0 0.3485576923076923 0.7668269230769231 0.051682692307692304 0.07211538461538461
0 0.3004807692307692 0.7752403846153846 0.04807692307692308 0.07451923076923077
0 0.17668269230769232 0.7379807692307693 0.051682692307692304 0.11899038461538461
0 0.13341346153846154 0.8762019230769231 0.042067307692307696 0.09134615384615384
0 0.3112980769230769 0.8966346153846154 0.03365384615384615 0.07211538461538461
0 0.3545673076923077 0.8930288461538461 0.036057692307692304 0.07211538461538461
0 0.3954326923076923 0.8870192307692307 0.03365384615384615 0.07451923076923077
0 0.4387019230769231 0.8798076923076923 0.030048076923076924 0.07211538461538461
0 0.8413461538461539 0.8966346153846154 0.08052884615384616 0.14423076923076922
0 0.9158653846153846 0.8966346153846154 0.06850961538461539 0.14423076923076922
0 0.9639423076923077 0.9014423076923077 0.0625 0.14423076923076922
0 0.8365384615384616 0.2512019230769231 0.24759615384615385 0.3401442307692308