0 0.07091346153846154 0.45072115384615385 0.0985576923076923 0.1875
0 0.11899038461538461 0.16105769230769232 0.0985576923076923 0.21995192307692307
0 0.21514423076923078 0.171875 0.07451923076923077 0.1814903846153846
0 0.4387019230769231 0.15865384615384615 0.109375 0.21995192307692307
0 0.5360576923076923 0.16947115384615385 0.0829326923076923 0.17548076923076922
0 0.7668269230769231 0.15144230769230768 0.10576923076923077 0.20793269230769232
0 0.8713942307692307 0.16826923076923078 0.06971153846153846 0.18389423076923078
0 0.31971153846153844 0.46153846153846156 0.1045673076923077 0.19831730769230768
0 0.4170673076923077 0.4855769230769231 0.07091346153846154 0.15745192307692307
0 0.5733173076923077 0.4675480769230769 0.11177884615384616 0.19951923076923078
0 0.6766826923076923 0.4735576923076923 0.07692307692307693 0.20552884615384615
0 0.8786057692307693 0.4807692307692308 0.09615384615384616 0.17548076923076922
0 0.06370192307692307 0.7752403846153846 0.0985576923076923 0.19951923076923078
0 0.15625 0.7884615384615384 0.07451923076923077 0.16826923076923078
0 0.3605769230769231 0.7956730769230769 0.0889423076923077 0.15745192307692307
0 0.5612980769230769 0.7884615384615384 0.0985576923076923 0.18389423076923078
0 0.6550480769230769 0.7944711538461539 0.06610576923076923 0.16947115384615385
0 0.8401442307692307 0.7836538461538461 0.1141826923076923 0.20552884615384615
0 0.9447115384615384 0.7992788461538461 0.08052884615384616 0.18990384615384615