0 0.24158653846153846 0.4951923076923077 0.21634615384615385 0.3016826923076923
0 0.2247596153846154 0.6490384615384616 0.2980769230769231 0.5324519230769231
0 0.1201923076923077 0.2536057692307692 0.234375 0.17548076923076922
0 0.5204326923076923 0.13822115384615385 0.17427884615384615 0.12620192307692307
0 0.6189903846153846 0.12139423076923077 0.1622596153846154 0.12139423076923077
0 0.7415865384615384 0.14543269230769232 0.12620192307692307 0.14423076923076922
0 0.7884615384615384 0.36658653846153844 0.12740384615384615 0.25961538461538464
0 0.8617788461538461 0.34975961538461536 0.12379807692307693 0.2620192307692308
0 0.9495192307692307 0.328125 0.0985576923076923 0.2668269230769231
0 0.8185096153846154 0.78125 0.3605769230769231 0.39903846153846156
0 0.8942307692307693 0.8449519230769231 0.20793269230769232 0.2548076923076923
0 0.953125 0.8954326923076923 0.09014423076923077 0.10216346153846154
0 0.5985576923076923 0.7524038461538461 0.13822115384615385 0.33052884615384615
0 0.5649038461538461 0.4699519230769231 0.15384615384615385 0.2247596153846154
0 0.6334134615384616 0.4375 0.1201923076923077 0.19591346153846154
0 0.6959134615384616 0.4338942307692308 0.10216346153846154 0.171875
0 0.484375 0.6911057692307693 0.13341346153846154 0.1875
0 0.3762019230769231 0.6069711538461539 0.3137019230769231 0.703125
0 0.41346153846153844 0.2920673076923077 0.07451923076923077 0.1141826923076923
0 0.49759615384615385 0.25961538461538464 0.2403846153846154 0.057692307692307696
0 0.7259615384615384 0.671875 0.054086538461538464 0.026442307692307692
0 0.7055288461538461 0.5997596153846154 0.05048076923076923 0.036057692307692304