0 0.19951923076923078 0.5144230769230769 0.13822115384615385 0.22596153846153846
0 0.33052884615384615 0.5144230769230769 0.07572115384615384 0.14543269230769232
0 0.24639423076923078 0.22596153846153846 0.13942307692307693 0.2620192307692308
0 0.43149038461538464 0.22355769230769232 0.14543269230769232 0.25961538461538464
0 0.6201923076923077 0.22235576923076922 0.15504807692307693 0.28365384615384615
0 0.8016826923076923 0.18028846153846154 0.1310096153846154 0.3125
0 0.7896634615384616 0.46875 0.13341346153846154 0.25
0 0.671875 0.49158653846153844 0.0889423076923077 0.19831730769230768
0 0.546875 0.4987980769230769 0.11778846153846154 0.22355769230769232
0 0.5432692307692307 0.7115384615384616 0.052884615384615384 0.12379807692307693
0 0.3557692307692308 0.7451923076923077 0.0733173076923077 0.1141826923076923
0 0.4387019230769231 0.5120192307692307 0.07091346153846154 0.15625
0 0.27524038461538464 0.7295673076923077 0.05889423076923077 0.1141826923076923
0 0.1814903846153846 0.7439903846153846 0.06610576923076923 0.1141826923076923
0 0.2980769230769231 0.9266826923076923 0.0625 0.1045673076923077
0 0.5168269230769231 0.9242788461538461 0.03365384615384615 0.054086538461538464
0 0.6274038461538461 0.9110576923076923 0.036057692307692304 0.06610576923076923
0 0.7439903846153846 0.8834134615384616 0.042067307692307696 0.078125
0 0.6814903846153846 0.8954326923076923 0.03245192307692308 0.06610576923076923
0 0.6899038461538461 0.6935096153846154 0.08413461538461539 0.1778846153846154
0 0.8028846153846154 0.6826923076923077 0.09014423076923077 0.171875