0 0.17548076923076922 0.37740384615384615 0.19591346153846154 0.19591346153846154
0 0.37259615384615385 0.3641826923076923 0.16826923076923078 0.18028846153846154
0 0.5216346153846154 0.36658653846153844 0.12740384615384615 0.15144230769230768
0 0.6911057692307693 0.35096153846153844 0.09615384615384616 0.15384615384615385
0 0.8305288461538461 0.3449519230769231 0.12259615384615384 0.1778846153846154
0 0.12379807692307693 0.5733173076923077 0.10576923076923077 0.20432692307692307
0 0.25721153846153844 0.5697115384615384 0.09014423076923077 0.15745192307692307
0 0.37259615384615385 0.5865384615384616 0.06370192307692307 0.1622596153846154
0 0.5012019230769231 0.6274038461538461 0.1141826923076923 0.41346153846153844
0 0.6237980769230769 0.6935096153846154 0.09254807692307693 0.25
0 0.6069711538461539 0.5036057692307693 0.054086538461538464 0.08413461538461539
0 0.6923076923076923 0.5144230769230769 0.06850961538461539 0.11658653846153846
0 0.7788461538461539 0.49759615384615385 0.06370192307692307 0.08173076923076923
0 0.875 0.5096153846153846 0.06850961538461539 0.06610576923076923
0 0.8449519230769231 0.5805288461538461 0.07572115384615384 0.08173076923076923
0 0.7848557692307693 0.6117788461538461 0.04447115384615385 0.08653846153846154
0 0.6983173076923077 0.625 0.056490384615384616 0.054086538461538464
0 0.9050480769230769 0.6586538461538461 0.08052884615384616 0.04567307692307692
0 0.8533653846153846 0.7079326923076923 0.09615384615384616 0.06610576923076923
0 0.7584134615384616 0.71875 0.0625 0.0985576923076923
0 0.6983173076923077 0.7415865384615384 0.05048076923076923 0.05048076923076923
0 0.38341346153846156 0.7728365384615384 0.0985576923076923 0.15384615384615385
0 0.3125 0.7956730769230769 0.04807692307692308 0.06610576923076923
0 0.24759615384615385 0.7680288461538461 0.04807692307692308 0.06850961538461539
0 0.16947115384615385 0.7403846153846154 0.0625 0.11658653846153846