0 0.2776442307692308 0.16346153846153846 0.4170673076923077 0.09975961538461539
0 0.6490384615384616 0.16947115384615385 0.26322115384615385 0.09375
0 0.27524038461538464 0.2920673076923077 0.2920673076923077 0.06850961538461539
0 0.6334134615384616 0.2920673076923077 0.2536057692307692 0.06850961538461539
0 0.8581730769230769 0.3004807692307692 0.09495192307692307 0.12980769230769232
0 0.7788461538461539 0.39663461538461536 0.06610576923076923 0.0985576923076923
0 0.8737980769230769 0.41947115384615385 0.09254807692307693 0.13822115384615385
0 0.7836538461538461 0.4879807692307692 0.08052884615384616 0.08173076923076923
0 0.875 0.5564903846153846 0.09615384615384616 0.11057692307692307
0 0.7920673076923077 0.5901442307692307 0.056490384615384616 0.078125
0 0.7235576923076923 0.5612980769230769 0.0625 0.054086538461538464
0 0.5036057692307693 0.5949519230769231 0.25600961538461536 0.038461538461538464
0 0.49759615384615385 0.40024038461538464 0.45072115384615385 0.07211538461538461
0 0.22115384615384615 0.43990384615384615 0.10216346153846154 0.14423076923076922
0 0.09975961538461539 0.4050480769230769 0.11658653846153846 0.14423076923076922
0 0.09254807692307693 0.5564903846153846 0.0889423076923077 0.1141826923076923
0 0.20673076923076922 0.5853365384615384 0.0985576923076923 0.11057692307692307
0 0.31009615384615385 0.6081730769230769 0.0829326923076923 0.09615384615384616
0 0.1141826923076923 0.6959134615384616 0.05889423076923077 0.06971153846153846
0 0.2091346153846154 0.6935096153846154 0.054086538461538464 0.078125
0 0.20192307692307693 0.8004807692307693 0.05889423076923077 0.07211538461538461
0 0.10336538461538461 0.8028846153846154 0.06850961538461539 0.08052884615384616
0 0.5096153846153846 0.6622596153846154 0.21754807692307693 0.07572115384615384
0 0.45552884615384615 0.7451923076923077 0.13942307692307693 0.07211538461538461
0 0.45072115384615385 0.8161057692307693 0.056490384615384616 0.042067307692307696
0 0.3473557692307692 0.8173076923076923 0.07091346153846154 0.054086538461538464
0 0.30649038461538464 0.7632211538461539 0.039663461538461536 0.05048076923076923
0 0.5516826923076923 0.8173076923076923 0.07451923076923077 0.054086538461538464
0 0.6634615384615384 0.7079326923076923 0.04447115384615385 0.14783653846153846
0 0.5769230769230769 0.7475961538461539 0.07451923076923077 0.05048076923076923
0 0.6959134615384616 0.8064903846153846 0.038461538461538464 0.08173076923076923
0 0.7247596153846154 0.7139423076923077 0.03245192307692308 0.09254807692307693
0 0.7860576923076923 0.7115384615384616 0.039663461538461536 0.13341346153846154
0 0.7836538461538461 0.8064903846153846 0.038461538461538464 0.08413461538461539
0 0.8425480769230769 0.7079326923076923 0.036057692307692304 0.11057692307692307
0 0.9002403846153846 0.7019230769230769 0.038461538461538464 0.12620192307692307
0 0.8737980769230769 0.8076923076923077 0.05048076923076923 0.08653846153846154