0 0.14182692307692307 0.47716346153846156 0.078125 0.2980769230769231
0 0.2512019230769231 0.234375 0.18028846153846154 0.1622596153846154
0 0.43149038461538464 0.4831730769230769 0.2824519230769231 0.2403846153846154
0 0.17548076923076922 0.7019230769230769 0.12259615384615384 0.15985576923076922
0 0.2800480769230769 0.8004807692307693 0.09615384615384616 0.08533653846153846
0 0.43509615384615385 0.8413461538461539 0.20432692307692307 0.08533653846153846
0 0.6346153846153846 0.7824519230769231 0.18028846153846154 0.18990384615384615
0 0.7680288461538461 0.6466346153846154 0.10817307692307693 0.15504807692307693
0 0.7487980769230769 0.4014423076923077 0.171875 0.32211538461538464
0 0.6274038461538461 0.19591346153846154 0.1502403846153846 0.1814903846153846
0 0.4567307692307692 0.14783653846153846 0.18629807692307693 0.07692307692307693