0 0.2127403846153846 0.5528846153846154 0.24639423076923078 0.22596153846153846
0 0.2800480769230769 0.7463942307692307 0.16346153846153846 0.21394230769230768
0 0.4735576923076923 0.6983173076923077 0.1502403846153846 0.22235576923076922
0 0.6754807692307693 0.6514423076923077 0.14423076923076922 0.21995192307692307
0 0.8713942307692307 0.6021634615384616 0.12980769230769232 0.20793269230769232
0 0.6021634615384616 0.46153846153846156 0.23197115384615385 0.22355769230769232
0 0.39783653846153844 0.5036057692307693 0.23197115384615385 0.22596153846153846
0 0.7920673076923077 0.41346153846153844 0.22235576923076922 0.23197115384615385
0 0.13942307692307693 0.3449519230769231 0.13221153846153846 0.22956730769230768
0 0.3137019230769231 0.30649038461538464 0.13822115384615385 0.21754807692307693
0 0.49158653846153844 0.2764423076923077 0.13341346153846154 0.234375
0 0.6634615384615384 0.24879807692307693 0.1502403846153846 0.22956730769230768