0 0.5973557692307693 0.5348557692307693 0.10576923076923077 0.09615384615384616
0 0.6334134615384616 0.43509615384615385 0.1658653846153846 0.06610576923076923
0 0.6514423076923077 0.3605769230769231 0.1875 0.052884615384615384
0 0.8233173076923077 0.36177884615384615 0.12620192307692307 0.06971153846153846
0 0.6105769230769231 0.22596153846153846 0.078125 0.14302884615384615
0 0.7139423076923077 0.23557692307692307 0.07572115384615384 0.11658653846153846
0 0.8052884615384616 0.1875 0.07451923076923077 0.1466346153846154
0 0.921875 0.3425480769230769 0.051682692307692304 0.09254807692307693
0 0.9230769230769231 0.43149038461538464 0.051682692307692304 0.056490384615384616
0 0.7992788461538461 0.4519230769230769 0.12980769230769232 0.046875
0 0.6850961538461539 0.5444711538461539 0.04807692307692308 0.056490384615384616
0 0.7391826923076923 0.5396634615384616 0.030048076923076924 0.039663461538461536
0 0.7427884615384616 0.6838942307692307 0.1658653846153846 0.09254807692307693
0 0.7668269230769231 0.8293269230769231 0.20793269230769232 0.0733173076923077
0 0.9170673076923077 0.8882211538461539 0.10817307692307693 0.06009615384615385
0 0.9230769230769231 0.8161057692307693 0.09014423076923077 0.056490384615384616
0 0.38341346153846156 0.9050480769230769 0.0625 0.04927884615384615
0 0.44591346153846156 0.9050480769230769 0.04807692307692308 0.039663461538461536
0 0.4266826923076923 0.8040865384615384 0.14543269230769232 0.06370192307692307
0 0.42908653846153844 0.6947115384615384 0.17548076923076922 0.12620192307692307
0 0.578125 0.703125 0.10817307692307693 0.0829326923076923
0 0.5829326923076923 0.8076923076923077 0.09014423076923077 0.0733173076923077
0 0.5324519230769231 0.8954326923076923 0.07451923076923077 0.056490384615384616
0 0.6141826923076923 0.8918269230769231 0.0625 0.0733173076923077
0 0.7103365384615384 0.8966346153846154 0.07572115384615384 0.046875
0 0.8040865384615384 0.9014423076923077 0.0985576923076923 0.06009615384615385
0 0.07091346153846154 0.8185096153846154 0.07572115384615384 0.06370192307692307
0 0.06009615384615385 0.5096153846153846 0.06370192307692307 0.0733173076923077
0 0.054086538461538464 0.8870192307692307 0.042067307692307696 0.056490384615384616
0 0.27163461538461536 0.7091346153846154 0.06370192307692307 0.06971153846153846
0 0.08653846153846154 0.17908653846153846 0.08774038461538461 0.109375
0 0.2283653846153846 0.3641826923076923 0.10216346153846154 0.0829326923076923
0 0.27403846153846156 0.5084134615384616 0.06009615384615385 0.06971153846153846
0 0.46153846153846156 0.4266826923076923 0.06850961538461539 0.046875
0 0.4170673076923077 0.2704326923076923 0.0625 0.06971153846153846