0 0.7175480769230769 0.6334134615384616 0.2620192307692308 0.18629807692307693
0 0.8088942307692307 0.7740384615384616 0.28846153846153844 0.18629807692307693
0 0.4639423076923077 0.4807692307692308 0.2536057692307692 0.16346153846153846
0 0.19471153846153846 0.3004807692307692 0.3125 0.2127403846153846
0 0.2776442307692308 0.20192307692307693 0.4014423076923077 0.2692307692307692
0 0.5516826923076923 0.0829326923076923 0.0985576923076923 0.15865384615384615
0 0.6790865384615384 0.10096153846153846 0.11057692307692307 0.14302884615384615
0 0.08533653846153846 0.8173076923076923 0.11177884615384616 0.12139423076923077
0 0.09254807692307693 0.4579326923076923 0.13341346153846154 0.08173076923076923
0 0.36899038461538464 0.8882211538461539 0.23798076923076922 0.14423076923076922
0 0.30528846153846156 0.9086538461538461 0.19230769230769232 0.10817307692307693
0 0.15865384615384615 0.9362980769230769 0.10817307692307693 0.027644230769230768