0 0.140625 0.42788461538461536 0.16826923076923078 0.45552884615384615
0 0.23076923076923078 0.3389423076923077 0.19230769230769232 0.5925480769230769
0 0.27524038461538464 0.3137019230769231 0.1935096153846154 0.5516826923076923
0 0.6995192307692307 0.3004807692307692 0.20432692307692307 0.4050480769230769
0 0.5661057692307693 0.2403846153846154 0.18629807692307693 0.38822115384615385
0 0.7007211538461539 0.6766826923076923 0.10817307692307693 0.42788461538461536
0 0.8125 0.5612980769230769 0.17548076923076922 0.1971153846153846
0 0.3786057692307692 0.6646634615384616 0.41346153846153844 0.22115384615384615
0 0.4675480769230769 0.9519230769230769 0.32211538461538464 0.09014423076923077
0 0.4483173076923077 0.8930288461538461 0.38341346153846156 0.19951923076923078
0 0.41466346153846156 0.7307692307692307 0.3798076923076923 0.20673076923076922