0 0.09615384615384616 0.5985576923076923 0.028846153846153848 0.08413461538461539
0 0.13822115384615385 0.5745192307692307 0.026442307692307692 0.07451923076923077
0 0.2091346153846154 0.5745192307692307 0.039663461538461536 0.057692307692307696
0 0.23557692307692307 0.5480769230769231 0.037259615384615384 0.056490384615384616
0 0.16466346153846154 0.49399038461538464 0.06490384615384616 0.10216346153846154
0 0.26322115384615385 0.3605769230769231 0.08413461538461539 0.1778846153846154
0 0.421875 0.3088942307692308 0.14543269230769232 0.24639423076923078
0 0.49759615384615385 0.4891826923076923 0.08653846153846154 0.13221153846153846
0 0.3581730769230769 0.5036057692307693 0.046875 0.07451923076923077
0 0.28365384615384615 0.4879807692307692 0.038461538461538464 0.078125
0 0.3269230769230769 0.625 0.12860576923076922 0.14423076923076922
0 0.37259615384615385 0.6514423076923077 0.13341346153846154 0.14783653846153846
0 0.5024038461538461 0.6274038461538461 0.25841346153846156 0.3004807692307692
0 0.609375 0.6141826923076923 0.15745192307692307 0.1935096153846154
0 0.45072115384615385 0.8125 0.16346153846153846 0.19591346153846154
0 0.8016826923076923 0.35697115384615385 0.140625 0.35216346153846156