0 0.052884615384615384 0.4387019230769231 0.1045673076923077 0.39783653846153844
0 0.12379807692307693 0.5504807692307693 0.09134615384615384 0.4543269230769231
0 0.15384615384615385 0.3293269230769231 0.09495192307692307 0.36658653846153844
0 0.25 0.46033653846153844 0.08533653846153846 0.4110576923076923
0 0.265625 0.26322115384615385 0.0733173076923077 0.4230769230769231
0 0.37259615384615385 0.4723557692307692 0.08533653846153846 0.3954326923076923
0 0.3088942307692308 0.6838942307692307 0.09134615384615384 0.34134615384615385
0 0.453125 0.6298076923076923 0.07692307692307693 0.39783653846153844
0 0.43990384615384615 0.29447115384615385 0.0829326923076923 0.4074519230769231
0 0.5408653846153846 0.28365384615384615 0.07692307692307693 0.41947115384615385
0 0.5829326923076923 0.5204326923076923 0.09735576923076923 0.4110576923076923
0 0.6670673076923077 0.3317307692307692 0.0829326923076923 0.39783653846153844
0 0.6129807692307693 0.6586538461538461 0.0985576923076923 0.4074519230769231
0 0.734375 0.5360576923076923 0.11538461538461539 0.38221153846153844
0 0.8377403846153846 0.390625 0.0889423076923077 0.3858173076923077
0 0.8052884615384616 0.7764423076923077 0.10336538461538461 0.4110576923076923
0 0.8846153846153846 0.6442307692307693 0.10096153846153846 0.4230769230769231
0 0.9435096153846154 0.47475961538461536 0.10697115384615384 0.44471153846153844
0 0.44591346153846156 0.8810096153846154 0.6947115384615384 0.08774038461538461
0 0.45913461538461536 0.9519230769230769 0.4326923076923077 0.07211538461538461